"arrivalTime","processTime"
2,3
2,3
2,3
3,2
3,2
3,2
3,3
4,4
4,1
5,3
6,4
6,1
7,4
7,4
7,5
7,3
8,2
9,1
10,2
10,3
11,4
11,3
13,2
14,1
14,4
14,2
15,2
16,4
17,3
18,2
18,3
18,3
18,3
18,3
19,3
20,4
20,4
21,3
21,2
22,3
22,3
24,3
24,3
24,4
25,4
25,2
26,2
26,3
26,2
27,3
27,4
27,2
27,4
28,2
29,3
32,4
33,2
33,2
33,3
34,3
34,3
34,2
35,1
35,3
36,3
37,2
38,1
38,2
38,3
38,4
39,4
40,2
41,3
42,3
42,4
42,4
43,4
43,2
44,3
44,4
44,3
45,5
45,3
45,4
46,4
46,2
46,2
46,4
47,3
47,3
47,2
47,4
48,2
49,3
50,2
51,3
52,4
52,4
52,2
52,2
52,2
54,2
54,4
54,2
56,2
56,3
57,2
57,3
57,3
57,2
58,5
59,3
61,3
61,4
62,2
64,3
64,4
65,3
65,3
66,3
67,3
67,5
68,4
70,3
70,5
71,2
72,5
72,2
73,3
73,2
73,3
74,3
75,3
76,3
76,3
77,2
77,2
77,3
77,3
78,2
80,3
80,3
83,3
84,3
85,3
86,5
86,3
86,3
86,2
87,3
88,3
88,3
90,3
90,4
90,2
91,3
92,2
93,4
93,2
95,2
95,1
96,2
96,4
97,3
98,3
98,2
100,3
100,4
104,4
104,2
105,1
105,3
106,3
106,2
106,3
107,2
107,2
109,2
110,3
110,4
110,3
111,2
111,2
112,3
113,2
113,4
114,4
114,4
115,4
116,3
117,3
117,2
117,3
119,5
119,3
119,2
119,3
119,3
119,2
120,3
120,5
121,3
121,3
122,3
122,2
123,2
125,3
126,4
127,2
127,3
128,3
128,3
128,4
128,4
129,3
129,4
130,3
130,4
130,2
130,2
131,2
132,4
134,1
134,4
134,3
135,2
135,2
136,2
137,5
138,1
139,4
139,3
139,3
140,3
141,4
141,4
142,3
142,3
143,4
145,3
145,3
146,3
147,4
148,4
149,2
149,4
149,2
151,3
152,3
152,2
153,3
153,3
155,3
155,4
156,4
158,3
158,2
159,5
160,1
160,3
161,1
161,5
162,4
163,4
163,2
163,4
165,4
166,2
166,1
166,2
167,4
167,1
168,4
168,5
169,1
169,4
169,3
170,4
171,1
173,4
173,5
173,3
174,3
175,2
175,4
176,4
176,3
176,2
177,1
177,4
178,1
178,3
180,3
181,3
181,3
182,4
182,5
182,2
183,4
183,3
184,5
184,3
185,5
186,3
187,2
187,4
187,4
188,1
188,3
189,3
189,5
189,1
191,3
191,4
192,3
192,3
193,4
194,3
194,5
194,2
195,2
195,2
195,2
196,3
197,3
197,4
197,3
197,3
197,2
197,3
198,4
198,3
198,3
199,4
199,3
200,1
200,2
201,1
201,2
201,3
203,3
203,3
203,3
203,5
204,3
204,3
205,4
206,3
206,3
207,1
207,3
208,2
208,4
208,3
209,3
209,2
210,3
211,2
213,4
214,4
215,3
215,4
215,3
215,4
216,3
217,2
217,1
218,3
219,3
219,4
219,4
219,3
220,2
221,3
221,1
222,3
223,4
224,4
226,2
226,3
227,2
227,2
228,4
228,5
229,1
229,3
230,4
231,4
231,3
231,2
232,3
232,2
232,3
233,3
233,2
233,2
234,3
235,4
235,3
236,3
236,3
238,3
238,3
239,1
240,3
240,2
241,3
242,3
243,2
243,3
244,3
244,5
245,3
246,3
246,3
246,4
247,4
247,3
248,3
249,3
249,3
249,4
250,2
250,3
251,4
252,3
253,2
253,2
253,4
254,2
255,4
256,4
256,1
256,2
256,4
257,3
258,2
258,3
259,5
259,5
260,1
260,2
261,5
261,3
262,4
262,2
263,4
263,3
264,4
264,2
265,2
265,2
266,1
266,3
266,4
266,3
267,2
268,4
268,3
268,3
269,4
272,4
272,3
272,3
273,1
274,4
274,2
275,3
276,2
276,3
277,4
277,3
277,3
278,2
278,3
279,4
279,3
281,3
281,3
281,1
281,4
281,2
283,5
283,2
284,3
284,3
284,4
284,2
286,3
287,3
288,4
288,2
290,3
290,3
292,2
293,2
293,4
294,3
294,2
296,4
297,1
297,4
298,5
298,3
299,4
299,4
301,4
302,1
302,3
303,2
305,3
306,3
306,5
307,4
309,5
311,3
311,3
312,2
314,2
314,4
315,2
315,2
315,3
316,2
316,4
317,1
317,4
317,3
318,2
318,2
318,4
320,3
320,4
321,2
325,6
325,2
325,3
326,3
326,3
327,2
327,4
328,2
329,3
329,3
330,3
331,2
332,4
332,3
332,2
332,5
333,2
334,3
334,2
335,4
335,2
335,4
336,2
336,1
337,4
338,3
338,1
339,1
340,3
340,2
341,2
341,3
343,2
343,4
343,3
344,2
344,3
344,3
346,2
346,3
347,3
347,3
347,2
347,3
348,1
348,3
349,2
350,2
351,4
351,2
351,4
351,2
352,1
353,1
355,1
356,3
356,3
357,2
357,3
359,2
360,2
363,3
364,4
365,4
365,4
365,3
366,3
366,2
366,1
366,3
366,3
367,4
368,3
370,4
370,5
370,1
371,1
371,1
371,4
372,3
372,3
373,5
373,1
373,3
373,2
376,4
376,3
376,4
376,3
377,4
378,2
378,4
379,4
381,3
383,3
383,3
383,3
383,3
384,4
384,3
388,6
389,1
389,3
390,3
390,5
391,5
391,4
391,3
391,4
392,2
393,4
393,1
394,1
394,3
396,2
397,1
398,3
399,4
399,2
400,1
401,2
401,4
402,3
402,2
403,1
403,4
405,3
406,2
406,4
406,3
407,5
407,2
409,1
409,2
410,4
411,1
412,5
412,2
412,2
413,4
413,4
415,3
416,4
416,2
417,5
419,3
419,3
419,3
422,3
422,2
422,4
423,2
424,3
424,3
424,3
425,3
426,4
426,4
427,3
428,4
428,2
429,3
429,4
429,5
430,4
430,3
430,3
431,3
432,3
434,4
435,4
437,4
437,3
437,4
438,4
438,3
438,3
439,3
439,4
439,4
440,2
443,3
443,2
443,2
443,3
443,4
443,3
443,3
443,2
443,3
444,3
444,3
444,3
444,3
444,3
445,5
445,4
445,2
446,1
446,2
446,3
447,3
448,4
448,4
449,3
449,5
449,3
449,3
450,2
451,2
451,2
452,5
452,5
453,4
453,3
453,3
453,4
454,4
456,4
456,3
457,3
457,2
457,3
458,3
458,3
459,2
459,1
461,3
462,3
463,4
464,3
464,4
464,3
464,1
465,5
467,3
467,4
467,2
467,3
468,3
469,3
470,3
471,3
471,2
471,3
472,1
473,3
473,3
473,3
473,3
474,4
475,4
476,4
478,4
478,4
479,2
479,2
479,4
479,3
480,3
480,3
480,3
481,4
481,3
482,2
482,3
482,2
483,3
483,2
483,4
485,4
486,1
487,4
488,3
489,3
490,1
490,3
490,2
490,1
491,4
491,3
492,1
492,1
492,4
492,1
492,2
493,2
494,5
494,2
494,3
494,1
494,3
495,2
496,2
497,3
498,3
498,4
498,3
499,3
500,4
501,2
501,2
502,1
502,4
502,2
502,3
502,3
503,3
504,4
505,4
505,3
505,4
506,1
506,2
506,3
507,3
507,3
509,1
510,3
510,4
510,3
512,3
512,2
513,2
513,4
513,1
514,3
514,1
516,4
517,2
518,1
518,3
519,4
519,3
520,2
520,1
522,2
522,3
522,3
523,4
523,2
523,2
523,1
525,3
525,4
525,4
526,5
526,2
526,1
527,1
529,1
530,4
530,1
532,2
533,4
533,3
533,3
533,2
536,2
536,2
537,5
537,4
537,2
541,4
542,3
543,4
543,2
544,2
544,4
544,2
545,2
545,4
546,2
546,3
546,2
547,3
548,3
548,3
548,2
548,3
548,4
549,3
549,4
551,4
551,4
552,3
552,3
552,3
554,3
554,4
554,4
555,5
555,2
556,4
557,3
558,4
558,2
559,5
560,2
561,4
563,4
563,4
563,3
564,3
564,4
564,3
565,2
567,3
568,4
568,2
568,3
569,2
569,2
570,4
570,2
571,4
572,4
572,3
573,3
573,3
573,4
573,4
574,3
574,3
574,2
574,3
575,3
575,3
576,3
577,2
578,3
578,2
578,4
579,4
580,4
581,1
581,4
582,3
582,3
585,2
585,2
585,3
586,2
588,3
589,2
589,5
589,2
589,3
589,3
590,3
590,4
591,4
592,2
593,3
594,3
594,3
595,3
595,1
595,3
596,4
598,4
598,3
598,3
598,2
599,4
600,1
