"arrivalTime","processTime"
1,1
1,4
1,3
1,2
1,3
1,4
1,4
1,5
1,3
2,4
2,3
2,3
2,3
2,4
2,3
2,4
2,4
2,3
2,1
2,2
2,3
2,2
2,2
2,3
2,3
2,2
2,4
3,1
3,3
3,3
3,1
3,2
3,2
3,4
3,4
3,2
3,5
3,4
3,2
3,2
3,5
4,3
4,3
4,3
4,4
4,2
4,4
4,2
4,3
4,3
4,3
4,4
4,4
4,1
4,3
4,3
5,5
5,3
5,3
5,4
5,3
5,2
5,2
5,1
5,3
5,3
5,4
5,3
5,4
5,2
6,4
6,3
6,2
6,4
6,2
6,3
6,5
6,5
6,4
6,4
6,2
6,3
6,3
6,2
6,3
6,2
6,3
6,3
7,3
7,3
7,4
7,4
7,4
7,3
7,4
7,6
7,3
7,3
7,5
7,4
7,2
8,4
8,3
8,4
8,5
8,1
8,1
8,3
8,4
8,3
8,5
8,2
8,4
8,6
8,5
8,3
8,1
8,3
9,2
9,3
9,2
9,3
9,3
9,3
9,4
9,4
9,4
9,1
9,5
9,3
9,3
9,3
9,3
9,3
9,4
9,4
9,2
10,2
10,2
10,2
10,4
10,2
10,3
10,4
10,1
10,3
10,3
10,3
10,5
10,4
10,3
11,2
11,3
11,3
11,3
11,1
11,3
11,4
11,1
11,4
11,3
11,4
11,1
11,4
11,2
12,1
12,4
12,2
12,3
12,4
12,3
12,4
12,4
12,3
12,4
12,4
12,4
12,4
12,2
12,3
13,3
13,3
13,5
13,4
13,3
13,3
13,3
13,2
13,1
13,3
13,4
13,3
13,1
13,3
14,5
14,2
14,3
14,2
14,2
14,3
14,4
14,4
14,5
14,2
14,5
14,4
14,2
14,3
14,3
14,3
14,3
15,2
15,2
15,1
15,4
15,3
15,5
15,2
15,3
15,4
15,2
15,3
15,5
15,2
15,2
15,2
15,2
15,3
15,3
15,3
15,4
16,3
16,3
16,4
16,4
16,4
16,4
16,2
16,2
16,4
16,3
16,2
16,2
16,4
16,1
17,2
17,3
17,4
17,4
17,1
17,3
17,4
17,3
17,3
17,3
17,2
17,2
17,4
17,3
17,3
17,3
17,3
17,3
17,1
17,3
17,3
17,2
18,4
18,4
18,1
18,3
18,3
18,4
18,5
18,2
18,3
18,2
18,3
18,5
18,4
18,3
18,3
19,3
19,3
19,3
19,1
19,2
19,1
19,3
19,3
19,3
19,5
19,2
19,4
20,2
20,1
20,3
20,3
20,3
20,2
20,3
20,4
20,2
20,3
20,2
20,3
20,4
20,1
20,4
20,4
21,4
21,4
21,6
21,3
21,3
21,2
21,2
21,2
21,3
21,4
21,2
21,2
21,1
22,4
22,1
22,3
22,3
22,4
22,4
22,4
22,2
22,3
22,2
22,4
22,4
22,3
22,5
23,3
23,5
23,4
23,1
23,4
23,4
23,2
23,3
23,2
23,3
23,1
23,3
23,3
23,2
23,3
23,1
23,3
24,4
24,3
24,3
24,4
24,4
24,3
24,4
24,4
24,4
24,3
24,2
24,3
24,4
24,4
24,2
24,4
24,4
24,3
24,4
24,5
24,3
24,1
24,2
24,4
25,3
25,5
25,2
25,3
25,3
25,3
25,2
25,3
25,2
25,4
25,4
25,3
25,3
25,2
25,2
25,2
25,3
25,3
26,2
26,4
26,3
26,4
26,4
26,3
26,5
26,4
26,4
26,1
26,1
26,3
26,5
26,3
26,2
26,2
26,4
26,3
26,2
26,2
27,1
27,3
27,3
27,2
27,3
27,4
27,4
27,2
27,2
27,3
27,2
27,4
27,4
27,3
28,3
28,3
28,3
28,2
28,4
28,4
28,2
28,1
28,4
28,4
28,3
28,3
28,3
28,2
28,4
28,3
28,3
28,3
29,4
29,4
29,3
29,4
29,4
29,2
29,3
29,2
29,2
29,3
29,4
29,2
29,3
29,4
29,2
29,3
29,4
29,2
29,3
30,3
30,2
30,4
30,4
30,3
30,4
30,2
30,3
30,3
30,3
30,2
30,4
30,4
30,4
30,3
30,1
30,4
30,3
30,4
30,2
30,2
31,4
31,2
31,3
31,4
31,3
31,3
31,2
31,2
31,3
31,2
31,3
31,2
31,5
31,2
31,4
31,4
31,3
31,3
31,4
31,2
31,1
32,3
32,4
32,4
32,3
32,4
32,3
32,2
32,4
32,4
32,3
32,3
32,5
32,4
33,3
33,3
33,2
33,3
33,3
33,3
33,4
33,1
33,3
33,5
33,2
33,4
33,2
33,5
33,4
33,3
34,2
34,3
34,2
34,2
34,3
34,2
34,4
34,4
34,3
34,3
34,2
34,2
34,3
34,2
34,2
34,4
35,3
35,3
35,5
35,3
35,2
35,3
35,4
35,4
35,3
35,2
35,3
35,3
35,6
35,1
35,3
35,3
35,3
35,1
36,4
36,2
36,3
36,3
36,5
36,3
36,2
36,2
36,3
36,2
36,4
36,5
36,1
37,4
37,3
37,2
37,2
37,3
37,2
37,1
37,3
37,3
37,2
37,2
37,2
37,2
37,4
37,3
37,3
37,4
38,3
38,5
38,2
38,4
38,1
38,4
38,4
38,3
38,4
38,3
38,4
38,4
38,4
38,4
38,4
38,2
38,2
38,4
38,3
38,2
38,2
38,3
39,3
39,1
39,2
39,3
39,3
39,5
39,4
39,1
39,3
39,2
39,5
39,3
40,2
40,4
40,3
40,2
40,2
40,3
40,4
40,3
40,3
40,4
40,4
40,3
40,3
40,3
40,3
40,5
40,4
40,2
40,1
41,4
41,3
41,2
41,1
41,3
41,4
41,4
41,1
41,5
41,1
41,2
42,4
42,2
42,2
42,2
42,5
42,4
42,5
42,4
42,3
42,3
42,2
42,4
42,3
42,5
42,3
42,4
43,4
43,5
43,2
43,4
43,3
43,3
43,4
43,4
43,4
43,2
43,1
43,3
43,6
43,4
43,4
43,5
44,6
44,4
44,4
44,3
44,3
44,3
44,4
44,3
44,4
44,3
44,3
44,4
44,1
44,4
44,3
44,1
44,2
45,2
45,2
45,3
45,3
45,5
45,2
45,4
45,3
45,2
45,2
45,3
45,2
45,3
45,3
46,3
46,3
46,3
46,4
46,3
46,3
46,5
46,3
46,2
46,4
46,2
46,3
46,3
46,3
46,4
46,3
46,4
46,3
46,3
46,1
46,1
47,3
47,3
47,3
47,1
47,5
47,2
47,4
47,3
47,4
47,4
47,3
47,4
47,2
47,4
47,4
47,4
47,2
48,3
48,6
48,2
48,4
48,2
48,3
48,3
48,2
48,2
48,3
48,2
48,4
48,3
48,2
48,3
48,4
48,2
48,3
48,4
48,3
48,4
49,3
49,1
49,3
49,3
49,5
49,3
49,3
49,2
49,1
49,4
49,3
49,4
49,4
49,4
49,3
49,4
49,3
49,3
49,3
50,2
50,3
50,4
50,3
50,2
50,3
50,2
50,3
50,2
50,4
50,4
50,2
50,3
50,3
50,4
50,6
50,3
50,2
50,4
51,3
51,5
51,3
51,2
51,2
51,4
51,1
51,2
51,4
51,3
51,4
51,3
51,4
51,2
51,1
51,2
51,3
52,3
52,3
52,5
52,2
52,4
52,4
52,4
52,4
52,2
52,3
52,4
53,2
53,3
53,2
53,3
53,3
53,4
53,2
53,2
53,3
53,4
53,2
54,2
54,4
54,1
54,2
54,4
54,2
54,2
54,2
54,3
54,1
54,4
54,3
54,3
54,3
55,3
55,3
55,4
55,3
55,5
55,1
55,4
55,3
55,1
55,3
55,2
55,3
55,4
55,3
55,4
55,5
55,4
56,3
56,2
56,4
56,2
56,4
56,3
56,4
56,5
56,3
56,4
56,2
56,2
56,4
56,3
56,2
56,3
56,1
56,3
56,2
56,4
57,3
57,3
57,3
57,3
57,4
57,4
57,5
57,2
57,1
57,3
57,4
57,4
57,4
57,2
57,3
57,1
58,2
58,6
58,4
58,3
58,2
58,4
58,3
58,2
58,3
58,2
58,2
58,3
58,2
58,2
58,2
59,2
59,4
59,4
59,2
59,2
59,1
59,3
59,2
59,1
59,3
59,3
59,2
59,3
59,4
59,3
59,1
59,1
59,5
59,1
59,6
60,4
60,3
60,5
60,3
60,3
60,4
60,3
60,3
60,2
60,4
60,2
60,3
60,3
60,3
60,4
60,3
60,4
61,3
61,3
61,3
61,1
61,3
61,4
61,3
61,3
61,2
61,4
61,5
61,5
61,3
61,2
61,4
61,4
62,2
62,4
62,2
62,3
62,2
62,2
62,5
62,4
62,4
62,4
62,3
62,4
62,2
62,2
62,2
62,2
62,3
62,5
62,3
62,4
62,1
62,2
63,3
63,1
63,5
63,3
63,3
63,3
63,2
63,1
63,2
63,1
63,2
64,3
64,3
64,3
64,3
64,3
64,3
64,3
64,2
64,2
64,4
64,4
64,2
64,3
64,3
64,2
64,2
64,3
64,2
65,4
65,4
65,1
65,3
65,4
65,3
65,3
65,2
66,5
66,4
66,5
66,2
66,3
66,3
66,2
66,3
66,2
66,4
66,3
66,4
66,3
66,3
66,1
66,5
67,4
67,4
67,5
67,2
67,4
67,1
67,3
67,3
67,3
67,5
67,2
67,4
67,5
67,4
67,2
67,3
67,3
67,5
67,3
67,3
67,5
67,2
67,4
67,2
67,2
68,3
68,2
68,4
68,3
68,5
68,3
68,2
68,2
68,2
68,3
68,3
68,3
69,4
69,3
69,6
69,2
69,3
69,2
69,2
69,3
69,2
69,1
69,4
69,3
69,1
69,4
69,2
69,3
69,3
69,1
69,2
69,1
70,2
70,3
70,2
70,1
70,2
70,5
70,3
70,4
70,2
70,2
70,3
70,3
70,1
70,3
70,3
70,3
70,3
70,2
70,3
70,4
70,2
70,4
70,2
70,5
71,3
71,3
71,3
71,4
71,3
71,3
71,3
71,4
71,4
71,4
71,5
71,3
71,4
71,3
71,2
71,3
71,5
71,3
72,3
72,3
72,3
72,4
72,3
72,4
72,2
72,2
72,2
72,4
72,4
72,3
72,2
72,4
73,3
73,4
73,4
73,5
73,3
73,2
73,4
73,4
73,4
73,3
73,3
73,3
73,4
73,5
73,1
73,3
73,3
73,4
73,2
74,3
74,3
74,2
74,2
74,2
74,3
74,2
74,2
74,2
74,3
74,2
74,3
74,4
74,3
74,3
74,4
75,3
75,3
75,1
75,5
75,4
75,2
75,3
75,2
75,2
75,3
75,2
75,3
75,3
75,4
75,3
75,2
75,2
75,4
76,2
76,3
76,1
76,2
76,3
76,5
76,3
76,4
76,3
76,4
76,3
76,3
77,1
77,5
77,3
77,1
77,2
77,3
77,5
77,2
77,3
77,3
77,2
77,3
77,3
77,1
77,4
77,5
77,3
77,4
77,3
77,3
77,4
77,4
77,2
77,1
78,3
78,5
78,6
78,2
78,3
78,3
78,3
78,4
78,3
78,3
78,3
78,3
78,1
78,3
78,2
78,4
78,4
78,3
79,4
79,3
79,3
79,2
79,2
79,2
79,3
79,3
79,5
79,4
79,2
79,3
79,5
79,3
79,2
79,4
79,3
79,4
80,3
80,3
80,3
80,2
80,4
80,4
80,2
80,3
80,3
80,3
80,2
80,4
80,4
80,2
80,3
80,4
80,4
80,5
80,2
80,2
80,4
81,4
81,3
81,3
81,3
81,3
81,1
81,4
81,2
81,5
81,4
81,2
81,3
81,3
81,5
81,5
81,3
82,1
82,3
82,4
82,3
82,3
82,5
82,4
82,4
82,3
82,4
82,3
82,3
82,3
82,3
82,3
82,3
82,3
82,5
82,2
82,2
83,2
83,5
83,5
83,2
83,2
83,1
83,2
83,4
83,2
83,4
83,2
83,3
83,4
83,4
83,5
83,1
83,3
83,3
84,3
84,3
84,1
84,3
84,1
84,3
84,5
84,1
84,4
84,4
84,4
84,4
84,2
84,3
84,5
84,5
85,4
85,2
85,4
85,1
85,3
85,2
85,3
85,2
85,2
85,4
85,3
85,4
85,2
85,3
85,4
85,3
85,1
85,4
86,3
86,4
86,3
86,2
86,3
86,3
86,4
86,5
86,3
86,3
86,3
86,6
86,4
86,3
86,2
87,4
87,3
87,2
87,5
87,2
87,5
87,1
87,2
87,3
87,2
87,3
87,3
87,4
87,2
87,4
87,3
87,3
87,4
87,3
88,3
88,4
88,4
88,2
88,3
88,4
88,5
88,3
88,1
88,3
88,3
88,4
88,4
88,4
88,1
88,2
88,3
89,2
89,3
89,3
89,2
89,3
89,3
89,5
89,2
89,3
89,2
89,3
89,1
89,2
89,4
89,2
89,3
89,1
89,3
89,3
90,5
90,3
90,2
90,1
90,3
90,3
90,2
90,5
90,2
90,3
90,4
91,2
91,3
91,1
91,3
91,3
91,1
91,3
91,4
91,2
91,3
91,3
91,4
91,2
91,1
92,3
92,2
92,5
92,3
92,3
92,4
92,4
92,4
92,3
92,3
92,3
92,3
92,3
92,3
92,4
92,4
93,3
93,3
93,3
93,2
93,4
93,1
93,4
93,3
93,2
93,1
93,3
93,1
94,4
94,2
94,2
94,4
94,2
94,5
94,3
94,4
94,4
94,3
94,2
94,6
94,1
94,2
94,5
94,4
94,3
94,1
94,4
94,3
95,4
95,4
95,4
95,3
95,4
95,2
95,3
95,4
95,3
95,4
96,4
96,4
96,3
96,2
96,3
96,3
96,3
96,3
96,4
96,4
96,4
96,3
97,4
97,1
97,2
97,3
97,3
97,2
97,4
97,4
97,3
97,3
97,3
97,2
97,1
97,2
97,1
97,2
97,4
97,4
97,3
97,4
97,3
97,1
97,1
97,3
98,4
98,3
98,4
98,5
98,4
98,3
98,2
98,2
98,5
98,4
98,3
98,3
99,2
99,3
99,2
99,2
99,3
99,1
99,2
99,3
99,3
99,3
99,5
99,2
99,3
99,3
99,3
99,3
99,3
99,1
99,3
100,1
100,3
100,2
100,4
100,3
100,3
100,4
100,2
100,3
100,3
100,3
100,2
100,2
100,4
100,2
100,3
100,2
100,5
100,5
100,2
100,4
100,3
100,2
100,4
100,3
100,3
100,4
100,3
100,2
100,4
100,4
100,2
101,3
101,2
101,1
101,4
101,2
101,2
101,1
101,4
101,4
101,3
101,2
102,3
102,4
102,2
102,2
102,2
102,3
102,2
102,5
102,4
102,5
103,3
103,4
103,3
103,3
103,2
103,3
103,1
103,3
103,2
103,2
103,3
103,5
103,3
104,3
104,3
104,3
104,2
104,3
104,2
104,1
104,3
104,3
104,4
104,3
104,3
104,4
105,4
105,2
105,2
105,2
105,3
105,4
105,2
105,4
105,2
105,4
105,3
105,5
105,4
105,3
105,4
105,3
105,4
105,3
105,2
106,3
106,5
106,1
106,2
106,3
106,3
106,3
106,3
106,3
106,4
106,2
106,3
106,4
106,2
106,3
106,3
106,4
106,1
106,4
106,5
107,4
107,3
107,2
107,4
107,7
107,3
107,3
107,2
107,1
107,3
107,4
107,5
107,3
107,2
107,3
108,3
108,2
108,2
108,4
108,3
108,3
108,3
108,1
108,4
108,4
108,2
108,3
108,3
108,2
108,2
108,4
108,3
108,3
108,3
109,3
109,2
109,2
109,2
109,3
109,2
109,3
109,2
109,5
109,4
109,2
109,3
109,3
109,3
109,3
109,3
109,4
110,5
110,3
110,2
110,4
110,2
110,2
110,3
110,2
110,2
110,3
110,1
110,3
110,3
110,2
110,4
110,2
110,2
110,4
110,3
110,4
110,2
110,5
110,1
110,2
110,4
111,4
111,2
111,4
111,3
111,3
111,3
111,4
111,2
111,3
111,3
111,2
111,3
111,1
111,3
111,3
111,2
111,2
112,2
112,3
112,3
112,4
112,3
112,2
112,4
112,4
112,3
112,3
112,2
112,4
112,1
112,3
112,2
112,4
112,2
112,5
113,1
113,1
113,3
113,2
113,2
113,2
113,2
113,3
113,4
113,3
113,5
113,3
113,3
113,3
113,3
113,2
114,3
114,4
114,5
114,3
114,2
114,3
114,2
114,3
114,5
114,3
114,5
114,4
114,3
114,1
114,5
115,3
115,3
115,3
115,3
115,3
115,4
115,5
115,2
115,2
115,4
115,5
115,4
115,4
115,4
115,3
115,2
116,4
116,3
116,2
116,3
116,1
116,3
116,3
116,3
116,2
116,4
116,4
116,3
116,3
116,3
116,4
116,3
116,2
117,2
117,3
117,3
117,3
117,3
117,3
117,4
117,3
117,3
117,3
117,2
117,2
117,4
117,2
117,3
117,2
117,4
118,4
118,4
118,4
118,2
118,5
118,1
118,3
118,4
118,3
118,2
118,1
118,3
118,3
118,4
118,3
118,4
118,1
118,1
118,4
118,2
118,3
119,2
119,1
119,3
119,2
119,3
119,2
119,1
119,3
119,3
119,5
119,2
119,4
119,3
119,3
119,4
120,4
120,3
120,3
120,3
120,5
120,3
120,2
120,2
120,2
120,3
120,3
120,5
120,3
120,2
120,2
120,2
120,1
120,4
120,4
120,1
121,3
121,4
121,3
121,4
121,2
121,4
121,5
121,3
121,3
121,4
121,3
121,3
121,2
121,4
121,3
121,2
121,4
121,4
121,3
121,2
122,2
122,3
122,1
122,2
122,3
122,2
122,3
122,4
122,3
122,4
122,1
122,2
122,3
122,5
122,4
122,3
122,3
122,2
122,3
122,2
123,4
123,2
123,3
123,2
123,3
123,4
123,3
123,3
123,5
123,3
123,4
123,3
123,2
123,4
123,3
123,2
123,2
123,4
123,4
123,3
123,2
123,3
124,3
124,2
124,4
124,4
124,6
124,1
124,5
124,3
124,4
124,1
124,4
124,5
125,4
125,4
125,2
125,4
125,3
125,3
125,3
125,3
125,3
125,4
125,2
125,2
125,3
126,2
126,2
126,2
126,2
126,5
126,2
126,2
126,2
126,2
126,4
126,3
126,3
126,3
126,2
126,3
126,2
126,3
127,4
127,3
127,2
127,5
127,2
127,4
127,4
127,3
127,4
127,2
127,3
127,3
127,1
127,1
127,3
127,3
127,1
127,5
127,4
127,2
127,3
128,3
128,3
128,3
128,2
128,3
128,3
128,4
128,2
128,3
128,2
128,2
128,3
128,3
128,3
128,1
128,5
128,1
128,3
128,3
128,2
128,4
128,1
128,2
128,3
129,4
129,2
129,2
129,3
129,3
129,4
129,2
129,2
129,3
129,2
129,2
129,5
130,3
130,1
130,3
130,3
130,3
130,3
130,4
130,4
130,3
130,3
130,2
130,2
130,6
130,4
130,2
130,3
131,3
131,3
131,4
131,4
131,3
131,3
131,2
131,3
131,3
131,4
132,1
132,2
132,3
132,2
132,4
132,2
132,4
132,3
132,3
132,2
132,2
132,3
132,2
132,4
132,3
132,5
132,3
132,3
132,3
132,3
132,3
133,3
133,3
133,2
133,3
133,3
133,4
133,3
133,3
133,2
133,3
133,1
133,3
133,2
133,2
133,4
133,2
133,1
134,3
134,3
134,4
134,4
134,3
134,2
134,3
134,3
134,4
134,4
134,3
134,1
134,3
134,3
134,4
134,3
134,3
134,3
134,4
134,3
135,4
135,4
135,3
135,3
135,3
135,2
135,2
135,1
135,3
135,5
135,3
135,2
135,3
135,4
135,2
135,2
136,4
136,3
136,2
136,2
136,3
136,2
136,4
136,3
136,3
136,1
136,2
137,2
137,3
137,2
137,1
137,4
137,3
137,1
137,4
137,3
137,4
137,3
138,5
138,3
138,5
138,5
138,4
138,4
138,3
138,2
138,4
138,5
138,3
138,2
138,2
138,3
138,3
138,4
138,3
138,3
138,2
138,3
139,2
139,4
139,2
139,2
139,3
139,4
139,2
139,4
139,2
139,2
139,5
139,3
139,1
139,5
139,4
140,2
140,2
140,3
140,1
140,4
140,2
140,4
140,4
140,5
140,2
140,2
140,5
140,3
140,4
140,1
140,3
140,2
140,2
140,2
140,3
141,4
141,3
141,2
141,1
141,3
141,3
141,2
141,3
141,4
141,3
141,4
142,4
142,3
142,1
142,2
142,3
142,4
142,3
142,4
142,2
142,4
142,3
142,2
142,4
142,3
142,4
142,5
142,5
143,3
143,3
143,4
143,1
143,3
143,5
143,3
143,2
143,2
143,3
143,3
143,4
143,3
143,4
143,4
143,3
144,2
144,3
144,1
144,3
144,5
144,4
144,1
144,5
144,3
144,3
144,2
144,3
145,3
145,5
145,3
145,3
145,2
145,4
145,3
145,3
145,2
145,2
145,5
145,2
145,3
145,5
145,2
145,3
146,2
146,2
146,4
146,4
146,2
146,3
146,3
146,2
146,4
146,3
146,1
146,4
146,4
146,4
146,3
146,3
146,3
146,2
146,2
146,3
147,3
147,3
147,3
147,2
147,3
147,3
147,3
147,3
147,4
147,3
147,3
147,3
147,3
147,1
147,4
147,3
147,2
147,1
147,1
148,2
148,1
148,3
148,2
148,1
148,3
148,3
148,5
148,4
148,4
148,4
148,3
148,3
148,2
148,3
148,2
148,1
148,2
148,4
148,2
148,3
148,3
148,3
149,3
149,3
149,3
149,3
149,4
149,2
149,2
149,4
149,3
149,2
149,2
149,2
149,2
149,2
149,4
149,4
149,1
149,4
149,3
150,3
150,4
150,3
150,3
150,3
150,3
150,3
150,4
150,3
150,3
150,4
150,3
150,3
150,1
150,4
150,4
150,2
151,4
151,3
151,3
151,4
151,4
151,3
151,5
151,3
151,4
151,1
151,3
151,1
151,3
152,3
152,3
152,2
152,3
152,4
152,3
152,2
152,5
152,4
152,3
152,4
152,2
152,2
152,5
152,4
152,2
152,3
152,2
153,2
153,2
153,4
153,4
153,4
153,4
153,2
153,3
153,3
153,4
153,3
153,4
153,4
153,4
153,3
153,3
153,1
154,2
154,4
154,2
154,4
154,3
154,3
154,3
154,4
154,3
154,3
154,4
154,3
154,2
154,3
154,3
154,4
154,3
154,4
154,3
155,6
155,2
155,2
155,4
155,3
155,4
155,2
155,3
155,3
155,3
155,5
155,2
155,3
155,3
155,5
155,4
155,4
155,3
155,5
156,3
156,4
156,2
156,2
156,3
156,3
156,3
156,2
156,4
156,3
156,2
156,3
156,3
156,3
156,4
156,3
156,3
156,3
156,2
156,3
156,4
157,2
157,4
157,4
157,2
157,4
157,2
157,3
157,4
157,4
157,5
157,5
157,1
157,3
157,3
157,3
157,4
157,2
157,3
157,4
157,2
157,2
157,1
157,2
158,2
158,2
158,2
158,4
158,4
158,3
158,1
158,4
158,2
159,2
159,4
159,3
159,3
159,3
159,2
159,4
159,3
159,3
159,2
159,2
159,3
159,2
160,2
160,2
160,2
160,2
160,2
160,3
160,3
160,2
160,3
160,5
160,5
160,4
160,3
160,3
160,1
160,4
160,2
161,3
161,2
161,4
161,3
161,3
161,3
161,3
161,2
161,2
162,3
162,3
162,4
162,4
162,3
162,4
162,2
162,3
162,4
162,4
162,3
162,4
162,3
162,3
162,5
162,4
162,3
163,3
163,4
163,2
163,4
163,4
163,3
163,2
163,2
163,3
163,3
163,3
164,3
164,3
164,3
164,2
164,3
164,4
164,3
164,1
164,2
164,4
164,3
164,3
164,2
164,3
164,2
164,4
164,2
164,3
165,3
165,4
165,2
165,1
165,5
165,2
165,3
165,2
165,2
165,2
165,2
165,4
165,3
165,4
165,3
165,4
165,2
165,3
165,3
165,4
165,2
165,2
165,3
166,1
166,2
166,4
166,3
166,3
166,2
166,3
166,3
166,3
166,1
166,3
166,3
166,2
166,3
166,3
166,4
166,3
166,2
166,2
166,4
166,4
167,4
167,2
167,2
167,5
167,2
167,4
167,2
167,4
167,2
167,3
167,3
167,2
167,2
167,3
167,3
167,1
167,4
167,5
167,3
168,2
168,3
168,5
168,2
168,1
168,2
168,3
168,3
168,2
168,3
168,2
168,3
168,3
168,3
168,4
169,5
169,4
169,3
169,2
169,1
169,4
169,2
169,3
169,2
169,4
169,4
169,4
169,4
169,4
169,5
169,1
169,3
169,4
169,4
169,2
169,5
169,4
169,5
169,4
170,4
170,3
170,2
170,3
170,5
170,3
170,3
170,3
170,4
170,2
170,4
170,5
170,3
170,2
170,3
170,4
170,3
170,3
170,3
171,2
171,2
171,1
171,4
171,5
171,1
171,3
171,3
171,4
171,3
171,2
171,4
171,2
171,2
171,3
172,2
172,4
172,3
172,4
172,3
172,4
172,4
172,3
172,3
172,4
172,3
172,3
172,3
172,3
172,3
172,4
172,3
172,4
173,4
173,3
173,3
173,4
173,3
173,2
173,4
173,2
173,3
173,3
173,3
173,2
173,3
173,3
173,3
173,5
173,4
173,4
173,3
173,3
173,3
173,2
174,2
174,3
174,4
174,4
174,3
174,3
174,3
174,3
174,3
175,3
175,4
175,2
175,4
175,2
175,3
175,3
175,4
175,3
175,4
175,2
175,3
175,3
175,4
175,1
175,2
175,3
175,2
175,2
175,4
176,1
176,3
176,2
176,3
176,3
176,3
176,4
176,4
176,3
176,4
177,3
177,2
177,1
177,4
177,5
177,4
177,2
177,1
177,4
177,4
177,3
177,3
178,2
178,3
178,3
178,3
178,2
178,4
178,3
178,4
178,4
178,4
178,3
178,4
178,1
178,3
178,2
178,4
178,4
178,5
178,3
179,3
179,4
179,3
179,3
179,3
179,1
179,4
179,2
179,4
179,3
179,4
179,3
179,4
179,3
179,3
180,2
180,4
180,2
180,3
180,4
180,5
180,5
180,1
180,3
180,3
180,3
180,5
180,2
180,3
180,4
180,4
180,2
180,4
180,3
180,2
180,4
181,2
181,3
181,1
181,4
181,5
181,2
181,3
181,3
181,2
181,3
181,2
181,4
181,5
181,4
181,1
181,2
182,4
182,6
182,4
182,3
182,3
182,3
182,2
182,3
182,3
182,2
182,1
182,2
182,3
182,1
182,4
182,4
182,2
182,4
183,2
183,1
183,3
183,2
183,3
183,2
183,2
183,4
183,4
183,4
183,2
183,4
183,2
183,2
183,4
183,3
183,1
183,4
183,3
183,2
183,4
183,1
183,3
184,4
184,2
184,5
184,4
184,5
184,2
184,4
184,3
184,3
184,4
184,3
184,1
184,3
184,3
184,2
184,5
184,5
184,4
184,3
185,2
185,7
185,4
185,5
185,2
185,2
185,1
185,2
185,3
185,1
185,2
185,4
185,2
185,3
185,3
185,3
185,2
185,3
186,4
186,2
186,2
186,3
186,3
186,3
186,4
186,4
186,4
186,5
186,3
186,4
186,2
186,3
186,4
186,1
186,4
187,3
187,2
187,2
187,3
187,3
187,3
187,4
187,3
187,5
187,3
187,3
187,3
187,3
187,3
187,4
187,2
187,2
187,3
187,2
187,3
188,4
188,3
188,2
188,3
188,2
188,4
188,4
188,3
188,2
188,3
188,3
188,2
188,3
188,4
188,2
188,3
188,2
188,3
188,4
188,2
189,4
189,2
189,3
189,3
189,3
189,3
189,3
189,4
189,3
189,2
189,3
189,1
189,4
189,2
189,3
189,2
189,2
189,2
189,4
190,4
190,3
190,4
190,3
190,3
190,3
190,3
190,2
190,4
190,3
190,4
190,1
190,2
190,2
190,4
190,4
190,2
191,4
191,4
191,3
191,2
191,2
191,2
191,4
191,4
191,3
191,3
191,2
191,2
191,3
191,3
191,3
192,4
192,2
192,3
192,2
192,3
192,5
192,3
192,1
192,2
192,1
192,3
192,2
192,2
192,3
192,1
192,4
193,2
193,4
193,2
193,3
193,3
193,5
193,3
193,4
193,4
193,3
193,4
193,5
193,4
194,6
194,1
194,2
194,3
194,4
194,2
194,3
194,2
194,3
194,3
194,2
194,4
194,4
194,2
194,3
194,4
194,4
194,3
194,3
195,2
195,2
195,4
195,2
195,4
195,2
195,2
195,3
195,5
195,3
195,2
196,2
196,4
196,3
196,2
196,4
196,4
196,3
196,3
196,3
196,3
196,3
196,3
196,3
196,3
197,3
197,2
197,3
197,4
197,2
197,3
197,2
197,4
197,3
197,3
197,3
197,4
197,2
197,1
197,3
197,3
197,2
197,3
197,4
197,2
198,4
198,3
198,4
198,1
198,3
198,1
198,5
198,4
198,2
198,3
198,2
198,3
198,1
199,3
199,3
199,3
199,1
199,2
199,4
199,3
199,4
199,4
199,3
199,1
199,2
199,3
199,3
199,2
199,1
199,4
199,3
199,3
199,4
199,4
199,3
199,5
200,1
200,3
200,2
200,4
200,3
200,3
200,3
200,3
200,3
200,4
200,3
200,4
200,2
200,3
200,3
201,4
201,1
201,3
201,2
201,2
201,1
201,3
201,5
201,5
201,2
201,3
201,3
201,5
201,2
201,3
201,4
202,4
202,4
202,5
202,3
202,2
202,1
202,5
202,2
202,2
202,4
202,4
202,3
202,2
202,2
202,3
202,5
202,5
202,3
202,3
202,2
203,2
203,2
203,2
203,3
203,3
203,2
203,3
203,2
203,2
203,2
203,3
203,3
203,3
204,4
204,3
204,4
204,1
204,3
204,3
204,1
204,3
204,4
204,4
204,3
204,4
204,3
204,3
204,3
204,3
204,2
204,3
204,1
204,3
204,4
204,3
205,4
205,3
205,3
205,5
205,1
205,3
205,4
205,2
205,3
205,4
205,4
205,4
205,4
205,3
205,5
205,2
205,3
205,4
205,3
206,3
206,4
206,3
206,2
206,3
206,4
206,3
206,3
206,2
206,3
206,3
206,2
206,3
206,4
206,2
206,3
206,3
206,3
207,1
207,3
207,6
207,4
207,3
207,3
207,3
207,3
207,4
207,2
207,3
208,2
208,2
208,2
208,2
208,2
208,4
208,3
208,3
208,3
208,5
208,3
208,2
208,3
208,3
208,5
208,3
208,2
208,3
208,3
209,4
209,2
209,4
209,6
209,2
209,3
209,5
209,4
209,1
209,2
209,2
209,1
209,3
209,5
209,6
209,4
209,4
210,3
210,2
210,2
210,3
210,3
210,2
210,5
210,2
210,3
210,3
210,2
210,2
210,2
210,2
211,4
211,4
211,5
211,3
211,4
211,2
211,4
211,1
211,2
211,5
211,3
211,4
211,4
211,3
211,3
212,2
212,3
212,3
212,3
212,2
212,2
212,4
212,5
212,4
212,5
212,3
212,2
212,2
212,3
212,3
212,3
212,2
212,3
213,3
213,4
213,2
213,3
213,4
213,3
213,3
213,2
213,2
213,4
213,2
213,4
213,3
213,1
213,3
213,3
213,3
213,5
213,3
214,3
214,3
214,3
214,3
214,3
214,3
214,2
214,3
214,3
214,3
214,3
215,2
215,4
215,3
215,1
215,4
215,4
215,1
215,3
215,2
215,4
215,3
215,3
215,2
216,4
216,3
216,5
216,3
216,3
216,3
216,4
216,4
216,2
217,3
217,3
217,5
217,4
217,3
217,3
217,4
217,3
217,1
217,3
217,4
217,3
217,3
217,2
217,3
217,2
217,3
217,3
217,4
217,4
217,2
217,4
217,3
217,4
217,4
217,3
218,3
218,2
218,3
218,2
218,3
218,3
218,4
218,1
218,3
218,3
218,3
218,3
218,3
218,3
218,4
218,4
218,5
218,4
218,3
219,4
219,5
219,1
219,2
219,4
219,3
219,3
219,3
219,4
219,4
219,3
219,4
219,4
219,3
219,3
219,3
219,4
219,2
219,1
220,2
220,4
220,4
220,3
220,4
220,4
220,4
220,5
220,3
220,3
220,3
220,4
220,2
220,3
220,3
220,4
220,4
220,3
221,4
221,3
221,4
221,3
221,3
221,4
221,2
221,1
221,4
221,2
221,2
221,4
221,4
221,5
221,2
222,4
222,4
222,3
222,2
222,5
222,2
222,3
222,3
222,2
222,3
222,4
222,2
222,3
222,3
222,2
222,2
222,4
223,3
223,2
223,2
223,3
223,2
223,2
223,3
223,3
223,3
223,4
223,2
223,3
223,4
224,4
224,4
224,5
224,3
224,3
224,3
224,3
224,3
224,2
224,4
224,2
224,4
224,4
224,2
224,2
224,3
225,2
225,4
225,3
225,4
225,4
225,3
225,2
225,1
225,3
225,2
225,4
225,2
225,1
225,2
225,3
226,4
226,3
226,2
226,3
226,6
226,2
226,2
226,4
226,4
226,3
226,3
226,3
227,3
227,5
227,3
227,2
227,4
227,3
227,4
227,2
227,4
227,3
227,2
227,6
227,4
227,1
227,1
227,2
227,1
227,4
227,6
228,2
228,1
228,3
228,4
228,3
228,2
228,3
228,3
228,4
228,3
228,2
228,4
228,4
228,3
228,4
228,2
228,4
228,4
228,3
228,6
228,3
228,2
228,3
229,3
229,2
229,4
229,3
229,4
229,3
229,3
229,1
229,4
229,4
230,2
230,2
230,4
230,4
230,3
230,2
230,3
230,2
230,4
230,4
230,3
230,2
230,4
230,3
230,2
230,3
230,2
230,4
230,2
231,3
231,3
231,4
231,2
231,3
231,3
231,1
231,2
231,2
231,2
231,3
231,2
231,4
231,2
231,2
231,2
231,4
232,3
232,3
232,4
232,3
232,3
232,2
232,4
232,2
232,4
232,3
233,5
233,2
233,4
233,3
233,4
233,1
233,4
233,3
233,4
233,3
233,2
233,3
233,2
233,3
234,3
234,3
234,3
234,4
234,3
234,1
234,5
234,2
234,2
234,3
234,2
234,3
234,2
234,3
234,3
234,2
234,3
234,3
234,4
234,3
234,4
234,3
234,3
234,3
234,4
234,2
235,3
235,4
235,4
235,4
235,1
235,2
235,2
235,3
235,3
235,3
235,3
236,2
236,1
236,1
236,2
236,5
236,3
236,4
236,1
236,3
236,3
236,3
236,2
237,2
237,3
237,1
237,3
237,3
237,2
237,3
237,2
237,3
237,3
237,2
237,4
238,2
238,4
238,1
238,4
238,3
238,3
238,3
238,4
238,1
238,3
238,3
238,1
238,1
238,4
238,2
238,4
238,5
238,4
238,5
238,3
238,3
238,4
238,4
239,5
239,4
239,3
239,3
239,2
239,4
239,3
239,3
239,3
239,3
239,2
239,2
239,3
239,4
239,3
239,3
239,5
239,3
239,2
239,2
239,1
239,5
240,5
240,3
240,2
240,2
240,4
240,3
240,4
240,3
240,3
240,2
240,2
240,4
240,2
240,2
240,3
241,2
241,3
241,3
241,4
241,3
241,3
241,3
241,3
241,4
241,4
241,1
241,3
241,4
241,2
241,4
241,4
242,1
242,3
242,3
242,4
242,3
242,3
242,2
242,2
242,3
242,5
242,3
242,3
242,2
242,2
242,5
242,2
243,3
243,3
243,3
243,3
243,3
243,3
243,6
243,2
243,3
243,3
243,2
243,2
244,2
244,4
244,4
244,2
244,1
244,2
244,5
244,2
244,6
244,3
244,5
244,2
244,3
244,2
244,2
245,4
245,3
245,2
245,3
245,4
245,4
245,4
245,2
245,3
245,2
245,3
245,4
245,2
245,2
246,6
246,2
246,3
246,5
246,4
246,2
246,1
246,4
246,4
246,4
246,2
246,3
246,3
246,4
246,4
246,3
246,2
247,3
247,4
247,4
247,2
247,2
247,1
247,4
247,4
247,5
247,2
247,5
247,1
247,2
247,4
247,2
247,2
247,3
248,3
248,1
248,2
248,2
248,2
248,3
248,3
248,2
248,2
248,3
248,4
248,2
248,4
248,4
248,4
248,3
248,1
248,4
248,4
248,3
248,3
248,2
248,4
249,2
249,4
249,1
249,1
249,3
249,4
249,1
249,4
249,3
249,5
249,2
249,4
249,4
249,2
249,3
249,3
249,3
249,2
249,4
249,2
249,5
249,3
250,3
250,4
250,3
250,3
250,3
250,3
250,2
250,2
250,3
250,4
250,4
250,4
250,1
250,4
250,2
251,4
251,2
251,3
251,4
251,4
251,3
251,3
251,3
251,5
251,2
251,1
251,5
251,4
251,2
251,4
251,4
251,5
251,3
251,1
251,2
251,3
252,2
252,4
252,4
252,4
252,2
252,4
252,2
252,3
252,2
252,2
252,2
252,4
252,1
252,1
252,4
252,2
252,4
252,3
252,4
252,3
252,4
253,3
253,2
253,4
253,2
253,4
253,5
253,3
253,3
253,3
253,3
253,1
253,3
253,5
253,2
254,4
254,3
254,3
254,3
254,3
254,2
254,5
254,2
254,3
254,3
254,2
254,2
254,4
254,3
255,4
255,4
255,1
255,2
255,3
255,4
255,3
255,3
255,3
255,2
255,3
255,2
256,3
256,2
256,2
256,4
256,3
256,4
256,4
256,2
256,2
256,2
256,4
256,4
256,4
256,3
256,4
256,4
256,3
256,4
256,3
256,2
256,4
256,4
256,3
256,4
256,2
256,1
256,1
257,3
257,4
257,3
257,4
257,5
257,2
257,2
257,5
257,4
257,2
257,4
257,3
257,3
257,1
257,3
257,2
257,2
258,2
258,4
258,2
258,3
258,2
258,3
258,4
258,3
258,2
258,2
258,2
258,4
258,2
259,2
259,3
259,4
259,2
259,3
259,2
259,4
259,2
259,2
259,2
259,4
259,2
259,3
259,4
259,3
259,3
259,3
259,1
259,4
259,3
260,1
260,3
260,4
260,3
260,4
260,2
260,3
260,2
260,4
260,5
261,4
261,5
261,4
261,3
261,2
261,4
261,4
261,2
261,1
261,3
261,3
261,3
261,4
262,2
262,4
262,3
262,3
262,4
262,5
262,3
262,6
263,2
263,4
263,3
263,4
263,1
263,4
263,3
263,4
263,4
263,3
263,3
263,3
263,3
263,1
263,1
263,3
263,3
264,3
264,4
264,2
264,4
264,4
264,4
264,1
264,3
264,3
264,4
264,3
264,3
264,3
264,3
264,1
264,4
264,4
265,4
265,3
265,4
265,1
265,1
265,3
265,4
265,4
265,4
265,4
265,2
265,3
265,2
265,2
265,3
265,4
265,3
266,2
266,4
266,3
266,2
266,3
266,4
266,2
266,2
266,1
266,4
266,4
266,3
266,3
266,3
266,4
266,3
266,2
266,1
267,3
267,4
267,3
267,5
267,2
267,2
267,3
267,3
267,2
267,3
267,1
267,2
267,4
267,4
267,3
267,3
267,4
267,2
267,3
267,2
267,2
267,2
267,3
268,3
268,3
268,2
268,2
268,2
268,4
268,2
268,4
268,1
268,5
268,3
268,1
268,3
268,5
269,2
269,3
269,2
269,4
269,2
269,1
269,3
269,3
269,2
269,4
269,3
269,3
269,5
269,3
269,3
269,4
269,4
269,3
269,4
269,2
269,2
269,3
269,2
269,3
270,3
270,3
270,4
270,2
270,3
270,2
270,5
270,4
270,3
270,3
270,2
270,3
270,3
270,4
270,4
270,2
270,5
270,2
270,3
270,1
271,2
271,4
271,3
271,4
271,3
271,2
271,4
271,2
271,2
271,4
271,4
271,2
271,6
271,4
271,5
271,2
271,5
272,3
272,3
272,3
272,5
272,4
272,2
272,1
272,3
272,3
272,3
272,4
272,3
272,3
272,5
272,3
272,3
272,3
273,2
273,5
273,3
273,4
273,3
273,4
273,5
273,3
273,4
273,2
273,2
273,3
273,2
273,2
273,3
273,3
273,3
273,3
273,3
274,5
274,3
274,4
274,4
274,2
274,4
274,2
274,4
274,3
274,4
274,3
274,3
274,4
274,2
274,3
274,3
275,5
275,2
275,3
275,4
275,3
275,3
275,3
275,4
275,4
275,3
275,2
275,4
275,3
275,2
275,3
275,3
275,2
275,5
276,3
276,3
276,3
276,3
276,4
276,4
276,3
276,5
276,4
276,2
276,3
276,4
276,2
276,3
276,4
276,4
276,1
276,3
276,4
276,5
277,3
277,3
277,3
277,4
277,1
277,2
277,4
277,3
277,2
277,3
277,3
277,5
277,4
277,1
277,3
278,3
278,3
278,2
278,3
278,3
278,2
278,3
278,4
278,3
278,2
278,1
278,2
278,3
278,3
278,4
278,5
278,4
278,4
278,3
278,3
279,3
279,5
279,5
279,1
279,2
279,1
279,1
279,4
279,2
279,3
279,3
279,3
279,1
280,1
280,4
280,3
280,3
280,3
280,4
280,2
280,2
280,3
280,2
280,3
280,3
280,3
280,4
280,3
280,1
280,3
280,3
280,2
281,4
281,2
281,4
281,4
281,3
281,3
281,1
281,4
281,3
281,3
281,4
281,3
281,2
281,5
281,4
281,3
282,3
282,4
282,4
282,2
282,2
282,2
282,3
282,4
282,4
282,3
283,2
283,3
283,4
283,2
283,4
283,2
283,3
283,3
283,2
283,2
283,1
283,4
283,1
283,4
283,3
284,2
284,3
284,2
284,3
284,3
284,4
284,2
284,4
284,4
284,4
284,2
284,1
284,4
284,3
284,4
284,3
284,3
284,2
284,1
284,2
285,1
285,4
285,5
285,3
285,3
285,4
285,3
285,3
285,5
285,2
285,5
285,4
285,3
285,4
285,3
285,1
285,5
285,3
285,5
285,1
285,1
285,3
285,3
286,2
286,1
286,4
286,2
286,2
286,3
286,2
286,4
286,3
286,1
286,4
286,3
286,2
286,1
286,4
286,4
287,3
287,3
287,2
287,4
287,3
287,2
287,3
287,5
287,1
287,4
287,1
287,3
288,3
288,3
288,1
288,5
288,4
288,3
288,4
288,1
289,5
289,3
289,2
289,1
289,2
289,5
289,2
289,5
289,2
289,3
289,2
289,5
289,2
290,4
290,3
290,3
290,2
290,5
290,4
290,4
290,2
290,3
290,3
290,2
290,2
290,5
290,5
291,3
291,2
291,3
291,2
291,3
291,2
291,3
291,2
291,3
291,3
291,3
291,3
291,3
291,4
292,3
292,3
292,3
292,2
292,3
292,4
292,4
292,1
292,3
292,4
292,3
292,3
292,3
292,3
292,2
292,3
292,3
292,3
293,2
293,4
293,3
293,3
293,4
293,3
293,3
293,3
293,3
293,5
293,3
293,3
293,3
293,2
294,2
294,3
294,1
294,3
294,3
294,4
294,3
294,3
294,1
294,4
294,5
294,3
294,4
295,2
295,2
295,2
295,3
295,2
295,5
295,2
295,2
295,3
295,3
295,5
295,4
296,3
296,3
296,3
296,3
296,3
296,2
296,4
296,4
296,3
296,3
296,2
296,2
296,4
296,4
296,1
297,1
297,3
297,4
297,3
297,2
297,5
297,2
297,4
297,4
297,3
297,1
297,4
297,3
297,4
297,5
297,3
297,3
297,3
297,4
297,3
297,3
298,3
298,4
298,3
298,3
298,4
298,3
298,4
298,3
298,4
298,3
298,2
298,4
298,3
298,4
298,4
298,3
299,3
299,2
299,3
299,3
299,4
299,3
299,2
299,1
299,6
299,1
300,4
300,2
300,3
300,2
300,1
300,5
300,1
300,5
300,2
300,3
300,3
300,2
301,2
301,3
301,2
301,3
301,4
301,3
301,3
301,1
301,3
301,3
301,3
301,2
301,2
301,2
301,1
301,3
302,3
302,4
302,3
302,3
302,2
302,3
302,2
302,4
302,3
302,2
302,1
302,3
302,3
302,3
302,2
302,3
302,4
303,3
303,3
303,4
303,3
303,3
303,3
303,4
303,3
303,2
303,3
303,5
303,3
303,1
303,4
303,5
303,1
303,6
303,4
303,2
303,4
303,2
303,4
303,4
303,3
303,4
303,3
303,2
304,2
304,2
304,3
304,3
304,2
304,3
304,3
304,4
304,4
304,3
304,2
304,3
304,5
304,5
304,3
304,4
304,3
304,2
304,3
304,2
304,3
304,3
304,2
304,4
304,2
304,2
304,3
305,1
305,2
305,3
305,3
305,4
305,4
305,4
305,4
305,2
305,2
305,3
305,4
305,3
305,1
305,3
305,4
305,2
305,3
305,3
305,3
305,3
305,4
305,4
306,5
306,4
306,2
306,2
306,3
306,3
306,2
306,2
306,1
306,3
306,4
306,2
307,4
307,6
307,2
307,1
307,5
307,3
307,3
307,3
307,3
307,4
307,3
307,2
308,5
308,3
308,1
308,5
308,3
308,2
308,5
308,2
308,4
308,4
308,3
308,3
308,6
308,3
308,3
309,3
309,4
309,1
309,2
309,1
309,3
309,5
309,2
309,3
309,3
309,3
309,3
309,3
309,3
309,4
309,1
309,3
309,1
309,2
310,3
310,1
310,3
310,2
310,4
310,2
310,2
310,2
310,4
310,2
310,3
310,3
310,4
310,2
310,2
310,3
310,3
310,3
310,3
310,3
311,4
311,3
311,3
311,3
311,3
311,4
311,2
311,2
311,4
311,3
311,2
311,1
311,4
311,2
311,5
311,3
311,5
311,4
311,3
311,2
311,2
311,5
312,2
312,4
312,3
312,1
312,2
312,3
312,4
312,2
312,1
312,1
312,4
312,3
312,3
312,2
312,2
312,2
313,3
313,4
313,3
313,4
313,4
313,3
313,3
313,3
313,3
313,4
313,4
313,3
313,6
314,3
314,1
314,4
314,4
314,3
314,4
314,3
314,4
314,4
314,2
315,3
315,1
315,3
315,3
315,4
315,3
315,2
315,4
315,3
315,2
315,4
315,2
315,3
315,2
315,4
316,4
316,2
316,3
316,2
316,2
316,2
316,2
316,3
316,3
316,1
316,4
316,4
316,4
316,3
316,1
316,4
317,4
317,5
317,3
317,3
317,3
317,4
317,2
317,4
317,1
317,2
317,2
317,3
317,3
317,4
317,3
317,2
317,3
317,4
317,1
317,4
317,4
318,2
318,4
318,1
318,4
318,2
318,2
318,2
318,2
318,3
318,4
318,5
318,4
318,5
318,4
318,2
318,3
318,4
319,3
319,4
319,2
319,2
319,3
319,3
319,2
319,4
319,3
319,3
319,2
319,2
319,2
319,1
319,5
319,1
319,4
319,3
320,4
320,2
320,4
320,3
320,5
320,4
320,2
320,2
320,5
320,1
320,3
320,3
320,3
320,3
320,4
320,2
320,3
320,4
320,3
321,3
321,2
321,4
321,1
321,3
321,4
321,2
321,3
321,3
321,4
321,4
321,4
321,3
321,3
321,3
321,4
321,2
321,3
321,1
321,3
321,2
321,3
322,2
322,5
322,3
322,3
322,3
322,2
322,3
322,3
322,1
322,2
322,4
322,4
322,2
322,4
322,3
322,1
322,1
322,4
322,3
322,5
323,3
323,1
323,3
323,1
323,3
323,2
323,2
323,3
323,5
323,3
323,3
323,4
323,2
323,3
323,3
323,2
323,4
323,4
323,4
323,2
324,4
324,2
324,3
324,3
324,3
324,3
324,4
324,4
324,3
324,6
324,5
324,2
324,3
324,3
324,5
325,2
325,4
325,3
325,3
325,3
325,3
325,4
325,3
325,3
325,1
325,2
325,3
325,3
325,2
325,3
325,1
325,3
325,3
326,3
326,3
326,4
326,2
326,4
326,2
326,4
326,4
326,4
326,3
326,3
326,4
326,2
326,3
326,3
326,3
326,2
326,3
327,4
327,4
327,4
327,1
327,4
327,2
327,4
327,3
327,3
327,3
327,3
327,3
327,4
327,3
327,3
327,4
327,1
327,3
327,4
328,4
328,1
328,4
328,4
328,5
328,2
328,4
328,3
328,2
328,1
328,3
328,3
328,3
328,3
328,2
328,1
328,2
328,4
329,2
329,1
329,3
329,3
329,3
329,3
329,3
329,3
329,2
329,3
329,3
329,3
329,3
329,4
329,4
329,4
329,2
330,3
330,3
330,2
330,4
330,3
330,3
330,2
330,3
330,3
330,2
330,3
330,1
331,3
331,3
331,4
331,2
331,4
331,1
331,3
331,2
331,3
331,4
331,4
331,5
332,3
332,2
332,3
332,3
332,3
332,4
332,1
332,3
332,2
332,2
332,2
332,2
332,3
332,3
332,3
333,4
333,2
333,1
333,3
333,4
333,3
333,3
333,2
333,2
333,3
333,2
334,2
334,4
334,3
334,1
334,2
334,5
334,3
334,4
334,3
334,2
334,1
335,3
335,2
335,4
335,3
335,2
335,4
335,1
335,3
335,2
335,5
335,3
335,4
335,3
335,3
335,1
335,3
335,2
336,3
336,5
336,3
336,2
336,3
336,4
336,1
336,4
336,2
336,4
336,3
336,3
336,3
336,5
336,3
336,4
336,3
337,2
337,2
337,3
337,3
337,3
337,3
337,3
337,3
337,3
337,3
337,3
337,4
337,4
337,3
337,3
337,2
338,3
338,2
338,2
338,3
338,3
338,3
338,3
338,4
338,2
338,4
338,4
338,3
338,2
338,2
338,2
338,3
338,2
339,4
339,1
339,3
339,4
339,3
339,4
339,2
339,1
339,2
339,2
339,4
339,2
339,4
339,2
339,4
339,2
339,3
339,2
339,2
339,3
339,3
340,2
340,3
340,3
340,3
340,2
340,4
340,3
340,2
340,3
340,3
340,4
340,2
340,3
340,3
340,2
340,2
340,3
340,3
341,3
341,2
341,2
341,1
341,3
341,2
341,4
341,4
341,3
341,3
341,3
341,3
341,2
341,6
341,2
341,5
341,4
341,4
341,4
341,3
341,3
341,3
341,2
341,3
341,5
342,2
342,3
342,4
342,4
342,1
342,3
342,3
342,1
342,1
342,4
342,2
342,1
342,2
342,3
342,2
343,2
343,2
343,4
343,4
343,3
343,4
343,4
343,2
343,1
343,4
343,2
343,2
343,3
343,4
343,2
343,2
343,2
343,2
343,7
344,2
344,2
344,5
344,2
344,4
344,3
344,2
344,2
344,2
344,3
344,3
344,2
344,2
344,3
344,3
344,2
344,3
344,2
344,3
344,2
344,2
344,3
344,5
344,3
344,3
345,2
345,2
345,3
345,3
345,5
345,2
345,3
345,4
345,4
345,3
345,3
346,2
346,2
346,3
346,3
346,2
346,3
346,3
346,2
346,3
346,4
346,4
346,1
346,5
347,2
347,1
347,4
347,3
347,4
347,4
347,3
347,3
347,4
347,3
347,4
347,3
347,5
347,2
347,2
347,3
347,3
347,2
347,3
347,2
347,4
348,2
348,2
348,3
348,5
348,3
348,3
348,4
348,2
348,3
348,4
348,2
348,3
348,2
348,3
348,2
348,3
348,3
348,4
348,3
348,4
349,5
349,2
349,4
349,3
349,4
349,4
349,3
349,4
349,1
349,3
349,3
349,1
349,3
350,3
350,3
350,4
350,3
350,2
350,4
350,3
350,3
350,4
350,5
350,2
350,2
350,3
350,3
350,4
351,2
351,5
351,5
351,3
351,3
351,3
351,3
351,3
351,3
351,1
351,3
351,5
351,3
351,4
352,2
352,4
352,2
352,4
352,5
352,3
352,2
352,2
352,1
352,2
352,2
352,1
352,3
352,2
352,3
352,3
352,4
352,2
353,4
353,3
353,1
353,2
353,5
353,3
353,2
353,3
353,5
353,3
353,2
353,4
353,1
353,3
353,2
354,4
354,3
354,2
354,3
354,3
354,2
354,1
354,2
354,3
354,2
354,4
354,4
354,4
354,3
354,2
354,2
354,3
354,1
354,2
354,3
354,4
354,2
354,2
354,4
354,3
354,3
355,1
355,3
355,4
355,3
355,1
355,2
355,5
355,2
355,2
355,3
355,3
355,3
355,3
355,5
355,4
355,3
355,1
356,5
356,3
356,4
356,3
356,4
356,5
356,6
356,4
356,1
356,5
356,4
356,2
356,4
356,4
356,4
356,2
357,2
357,3
357,3
357,5
357,1
357,3
357,3
357,3
357,4
357,1
357,3
357,3
357,4
357,2
357,3
357,2
358,5
358,3
358,1
358,2
358,4
358,2
358,4
358,4
358,2
358,1
358,2
358,4
359,3
359,3
359,4
359,3
359,4
359,4
359,4
359,4
359,3
360,3
360,2
360,3
360,3
360,3
360,2
360,4
360,3
360,4
360,2
360,2
360,1
360,3
360,1
360,4
360,3
360,3
360,4
360,2
360,3
360,4
360,1
360,2
360,3
360,3
360,4
360,2
360,2
361,4
361,3
361,2
361,3
361,3
361,4
361,4
361,3
361,4
361,5
361,4
361,2
361,1
361,4
361,2
361,4
361,3
361,2
361,3
361,3
362,2
362,2
362,4
362,5
362,5
362,4
362,5
362,1
362,4
362,4
362,4
362,2
362,3
362,5
362,3
362,3
362,2
362,4
363,3
363,4
363,2
363,3
363,4
363,3
363,3
363,3
363,3
363,3
363,4
363,3
363,3
363,4
363,4
363,2
364,2
364,2
364,2
364,5
364,3
364,2
364,3
364,3
364,5
364,3
364,4
364,3
364,3
364,3
364,3
365,2
365,2
365,2
365,4
365,3
365,4
365,5
365,4
365,2
365,3
365,3
365,5
365,2
365,1
365,2
365,2
365,2
366,2
366,3
366,2
366,2
366,3
366,2
366,2
366,4
366,2
366,3
366,3
366,4
366,4
366,3
366,2
366,3
367,2
367,4
367,3
367,4
367,5
367,2
367,3
367,4
367,2
367,2
367,5
367,3
367,2
367,2
367,1
367,3
367,2
368,2
368,3
368,5
368,5
368,3
368,4
368,2
368,4
368,3
368,2
368,3
368,3
368,3
368,2
368,2
368,2
368,2
368,3
368,1
369,1
369,3
369,4
369,3
369,4
369,3
369,4
369,3
369,4
369,3
369,3
369,3
369,2
369,4
369,2
369,2
369,3
369,4
369,3
369,4
370,2
370,3
370,3
370,2
370,4
370,5
370,2
370,2
370,2
370,4
370,1
370,2
370,4
370,3
370,3
370,3
370,5
370,4
370,4
370,2
371,1
371,2
371,4
371,3
371,4
371,2
371,3
371,3
371,4
371,4
371,4
371,3
371,4
371,2
371,2
372,2
372,4
372,1
372,4
372,3
372,4
372,4
372,3
372,2
372,4
372,3
372,2
372,1
372,5
372,5
372,2
372,3
373,2
373,4
373,3
373,2
373,2
373,3
373,1
373,3
373,3
373,3
373,3
373,2
373,5
373,3
373,3
373,4
373,4
374,3
374,3
374,1
374,3
374,3
374,2
374,3
374,4
374,4
375,4
375,3
375,3
375,4
375,2
375,3
375,4
375,4
375,3
375,2
375,3
375,3
375,2
375,1
375,4
375,2
375,2
375,3
375,4
376,3
376,5
376,3
376,3
376,4
376,4
376,3
376,2
376,5
376,4
376,3
376,1
376,3
376,5
376,3
377,2
377,2
377,2
377,2
377,3
377,3
377,4
377,3
377,3
377,1
377,3
377,2
377,2
377,3
377,1
377,2
377,3
378,2
378,2
378,4
378,2
378,5
378,4
378,3
378,4
378,3
378,3
378,3
378,4
378,4
378,5
378,3
378,4
378,1
379,2
379,5
379,3
379,3
379,1
379,4
379,3
379,3
379,2
379,2
379,4
379,4
379,3
379,3
380,3
380,3
380,3
380,3
380,3
380,3
380,4
380,2
380,4
380,2
380,3
380,3
380,4
381,3
381,3
381,3
381,3
381,4
381,3
381,3
381,3
381,3
381,1
381,3
381,2
381,3
381,1
381,4
381,2
381,5
382,3
382,3
382,4
382,5
382,3
382,2
382,4
382,4
382,4
382,5
382,3
382,3
382,3
382,2
382,3
382,3
382,2
382,4
382,4
382,4
383,3
383,3
383,3
383,4
383,2
383,2
383,3
383,3
383,3
383,3
383,2
383,4
383,3
383,2
383,4
383,2
383,3
383,4
383,1
384,2
384,3
384,3
384,3
384,3
384,3
384,4
384,5
384,1
384,3
384,2
384,5
384,1
384,2
384,3
384,2
384,1
384,4
384,3
384,4
384,2
385,1
385,2
385,2
385,2
385,4
385,3
385,3
385,2
385,5
385,5
385,5
385,3
385,4
385,1
385,3
385,4
385,1
385,3
386,4
386,4
386,5
386,4
386,4
386,1
386,4
386,3
386,3
386,4
386,4
386,4
386,1
387,3
387,2
387,2
387,3
387,4
387,3
387,3
387,4
387,5
387,3
387,3
387,3
387,3
387,5
387,2
387,4
387,1
387,1
388,5
388,1
388,5
388,2
388,3
388,5
388,2
388,3
388,3
388,4
388,2
388,3
388,3
388,2
388,4
389,2
389,2
389,2
389,3
389,4
389,1
389,3
389,2
389,3
389,4
389,5
389,2
389,3
389,3
389,5
389,3
389,3
389,3
390,3
390,3
390,2
390,3
390,1
390,4
390,3
390,2
390,2
390,2
390,3
390,4
390,2
390,2
390,2
390,2
390,3
390,2
390,4
390,4
390,3
390,4
390,4
391,3
391,2
391,1
391,3
391,4
391,4
391,4
391,5
391,3
391,4
391,3
391,3
391,4
391,3
391,4
392,3
392,3
392,3
392,4
392,4
392,3
392,2
392,3
392,4
392,3
392,4
392,2
392,3
392,3
393,3
393,4
393,3
393,3
393,3
393,1
393,2
393,1
393,1
393,3
393,3
393,2
393,2
393,3
393,2
393,2
393,2
393,4
393,2
393,2
393,4
393,3
393,3
393,3
394,2
394,5
394,4
394,2
394,4
394,4
394,2
394,3
394,2
394,3
394,2
394,4
394,3
394,3
394,2
394,3
394,4
394,5
395,4
395,3
395,3
395,5
395,3
395,2
395,4
395,2
395,4
395,4
395,4
395,4
395,2
395,4
395,2
395,4
396,2
396,3
396,5
396,4
396,2
396,4
396,4
396,3
396,1
396,5
397,3
397,3
397,2
397,3
397,3
397,3
397,3
397,5
397,3
397,3
397,2
397,2
397,2
397,3
397,2
397,1
397,2
398,5
398,4
398,3
398,2
398,5
398,2
398,3
398,4
398,6
398,2
398,3
398,4
398,3
398,4
398,3
398,2
398,3
398,2
398,2
398,4
398,2
398,3
399,5
399,2
399,2
399,2
399,4
399,4
399,3
399,2
399,4
399,3
399,4
399,4
399,1
399,5
399,3
399,3
399,3
399,2
399,4
399,4
399,2
399,2
400,4
400,2
400,4
400,4
400,3
400,3
400,1
400,3
400,2
400,3
400,2
400,4
400,2
400,2
400,5
400,6
400,3
400,2
400,3
400,2
400,3
401,2
401,2
401,1
401,5
401,2
401,5
401,2
401,3
401,5
401,2
401,3
401,4
401,3
401,3
401,1
401,4
401,3
401,3
401,4
402,4
402,4
402,3
402,2
402,5
402,2
402,5
402,3
402,4
402,3
402,4
402,3
402,3
402,3
402,4
402,4
403,4
403,2
403,3
403,3
403,4
403,2
403,3
403,4
403,4
403,4
403,2
403,2
403,1
403,2
403,3
403,2
403,3
404,2
404,5
404,3
404,2
404,3
404,4
404,3
404,2
404,3
404,2
404,2
404,4
404,1
404,4
404,3
404,5
405,5
405,3
405,4
405,3
405,3
405,1
405,4
405,1
405,3
405,4
405,3
405,2
405,4
405,4
405,4
405,2
405,3
405,3
405,3
405,3
405,4
406,4
406,2
406,4
406,4
406,2
406,3
406,3
406,3
406,4
406,4
406,4
406,3
406,4
407,2
407,2
407,3
407,1
407,4
407,3
407,4
407,3
407,3
407,4
407,3
407,3
407,2
407,4
407,3
407,2
407,3
407,3
407,3
407,3
407,5
407,1
407,3
407,3
408,5
408,3
408,3
408,4
408,4
408,1
408,2
408,2
408,3
408,2
408,3
408,3
408,5
408,3
408,3
408,2
408,3
409,4
409,2
409,4
409,1
409,2
409,3
409,1
409,3
409,2
409,2
409,3
409,1
409,5
409,2
409,3
409,3
409,4
409,1
409,2
409,2
409,1
409,2
410,4
410,4
410,4
410,5
410,3
410,1
410,4
410,5
410,3
410,4
410,3
410,4
410,5
410,5
411,1
411,2
411,3
411,3
411,4
411,4
411,3
411,4
411,3
411,3
411,3
411,4
411,3
411,3
411,4
412,2
412,4
412,4
412,3
412,3
412,3
412,3
412,2
412,4
412,2
412,2
413,3
413,5
413,2
413,4
413,2
413,3
413,4
413,4
413,4
413,2
413,2
413,2
413,3
413,2
413,2
414,4
414,3
414,4
414,4
414,3
414,3
414,3
414,1
414,3
414,4
414,4
414,3
414,2
414,3
414,3
415,3
415,4
415,1
415,4
415,5
415,3
415,5
415,3
415,1
415,4
415,1
416,3
416,1
416,4
416,1
416,3
416,3
416,4
416,3
416,5
416,2
416,4
416,3
416,2
416,3
416,3
416,4
416,2
416,3
417,3
417,3
417,4
417,3
417,2
417,3
417,4
417,4
417,4
417,3
417,4
417,3
417,5
417,2
417,2
418,3
418,3
418,4
418,4
418,3
418,4
418,4
418,1
418,3
418,3
418,5
418,3
418,2
418,4
418,2
418,2
418,2
418,2
418,3
419,5
419,2
419,3
419,1
419,3
419,2
419,3
419,4
419,2
419,4
419,2
419,3
419,3
419,3
419,3
419,3
420,4
420,3
420,3
420,4
420,3
420,4
420,2
420,4
420,2
420,3
420,3
420,3
420,4
420,3
420,3
420,1
420,1
420,5
420,1
420,2
420,3
420,4
420,4
421,4
421,2
421,4
421,3
421,5
421,2
421,1
421,2
421,3
421,3
421,2
421,4
421,4
421,2
421,2
421,5
421,4
421,4
422,3
422,4
422,2
422,2
422,3
422,3
422,5
422,1
422,2
423,3
423,2
423,3
423,5
423,3
423,3
423,1
423,2
423,4
423,3
423,4
423,2
423,3
423,4
423,3
424,1
424,3
424,3
424,2
424,3
424,4
424,3
424,2
424,5
424,2
424,4
424,3
424,2
424,2
424,4
424,4
424,4
424,4
424,4
424,4
424,2
425,3
425,3
425,3
425,4
425,2
425,2
425,3
425,3
425,3
425,2
425,3
425,2
425,4
425,3
425,3
425,3
425,2
426,2
426,4
426,3
426,3
426,2
426,3
426,3
426,4
426,3
426,5
426,3
426,4
426,3
426,4
426,3
426,5
426,4
426,3
426,3
426,1
427,2
427,3
427,3
427,2
427,4
427,2
427,2
427,3
427,5
427,3
427,4
427,4
427,1
427,4
427,3
427,2
427,4
427,4
427,3
427,4
427,1
427,3
427,3
427,2
427,1
427,2
428,2
428,2
428,2
428,1
428,3
428,4
428,4
428,2
428,2
428,3
428,4
428,5
428,3
428,1
428,3
428,3
428,2
428,3
428,5
428,3
429,1
429,2
429,1
429,4
429,3
429,4
429,4
429,2
429,4
429,4
429,2
429,1
429,2
429,2
429,3
429,2
429,2
430,3
430,4
430,4
430,4
430,2
430,3
430,4
430,5
430,3
430,5
430,5
430,4
430,2
430,4
430,4
430,4
430,3
431,3
431,4
431,4
431,1
431,4
431,4
431,3
431,2
431,4
431,2
431,2
431,1
431,2
432,4
432,4
432,3
432,4
432,2
432,4
432,2
432,1
432,2
432,2
432,3
432,2
432,1
432,3
432,1
433,4
433,4
433,4
433,2
433,1
433,3
433,3
433,3
433,4
433,3
433,3
433,4
433,3
433,1
433,4
434,5
434,4
434,2
434,2
434,3
434,3
434,2
434,3
434,2
434,3
434,3
434,4
434,3
434,3
434,4
434,3
434,1
434,3
435,3
435,2
435,4
435,3
435,3
435,3
435,4
435,3
435,3
435,4
435,3
435,1
435,4
435,3
435,3
435,5
435,3
435,4
435,3
435,2
435,6
436,4
436,4
436,2
436,2
436,3
436,3
436,4
436,5
436,4
436,4
436,2
436,2
436,3
436,3
437,3
437,3
437,2
437,2
437,2
437,4
437,4
437,4
437,4
437,3
437,3
437,2
437,4
437,3
438,2
438,1
438,3
438,1
438,5
438,4
438,2
438,2
438,3
438,3
438,3
438,3
438,2
438,3
438,2
438,3
438,2
438,3
438,5
438,3
438,4
439,5
439,4
439,3
439,4
439,4
439,2
439,2
439,3
439,3
439,2
439,3
439,2
439,4
439,3
440,2
440,3
440,3
440,1
440,2
440,3
440,5
440,3
440,4
440,2
440,4
440,3
440,4
440,3
440,4
440,2
440,4
440,3
440,3
440,2
440,3
440,3
441,4
441,3
441,3
441,4
441,4
441,3
441,3
441,3
441,2
441,3
441,3
441,2
441,2
441,4
441,3
441,3
441,3
441,4
441,4
442,3
442,1
442,4
442,2
442,1
442,5
442,3
442,3
442,5
442,4
442,5
442,3
442,1
442,3
442,2
442,2
442,4
443,4
443,3
443,2
443,4
443,1
443,3
443,5
443,2
443,4
443,3
443,3
443,3
443,2
443,2
443,3
443,3
443,5
443,4
443,4
444,5
444,3
444,1
444,2
444,2
444,2
444,3
444,2
444,2
444,2
444,3
444,2
444,2
444,4
445,3
445,2
445,3
445,3
445,3
445,3
445,4
445,3
445,4
445,4
445,3
445,4
445,4
445,3
445,5
445,4
445,3
445,2
445,3
445,3
445,3
446,5
446,3
446,3
446,1
446,3
446,3
446,3
446,4
446,1
446,2
446,4
446,3
446,1
446,3
446,3
447,2
447,3
447,3
447,2
447,3
447,4
447,3
447,4
447,3
447,4
447,4
447,3
447,1
447,4
447,4
447,2
447,4
448,2
448,4
448,2
448,3
448,2
448,3
448,3
448,3
448,3
448,2
448,3
448,3
449,2
449,4
449,2
449,2
449,3
449,3
449,2
449,2
449,3
449,3
449,2
449,4
449,3
449,3
450,3
450,2
450,3
450,3
450,2
450,1
451,4
451,5
451,3
451,2
451,4
451,3
451,3
451,2
451,3
451,3
451,3
451,4
451,2
451,3
451,2
451,4
452,3
452,3
452,2
452,4
452,1
452,3
452,3
452,3
452,2
452,3
452,2
452,2
452,4
452,3
452,4
452,2
452,3
452,3
452,3
452,3
452,3
452,3
452,1
452,1
452,2
453,4
453,3
453,3
453,3
453,2
453,4
453,3
453,4
453,3
453,3
453,3
453,4
453,4
453,2
453,3
453,3
454,4
454,4
454,2
454,4
454,3
454,4
454,2
454,3
454,2
454,4
454,1
454,4
454,2
454,2
454,3
454,1
454,2
454,3
454,3
454,4
454,3
455,4
455,1
455,2
455,4
455,2
455,3
455,3
455,3
455,3
455,4
455,4
455,4
455,4
455,4
455,1
455,3
455,1
456,3
456,2
456,1
456,3
456,4
456,4
456,3
456,1
456,4
456,3
456,3
456,2
456,4
456,2
457,3
457,2
457,3
457,2
457,5
457,3
457,4
457,2
457,5
457,2
457,3
457,2
457,4
457,3
457,3
458,2
458,4
458,3
458,3
458,4
458,3
458,4
458,3
458,5
458,2
458,3
458,5
458,4
458,2
458,3
458,3
458,5
458,3
459,4
459,4
459,3
459,3
459,5
459,3
459,3
459,2
459,3
459,4
459,3
459,4
459,3
459,2
459,2
459,4
459,1
460,4
460,2
460,4
460,2
460,2
460,4
460,4
460,4
460,3
460,2
460,3
460,3
460,3
460,4
460,3
460,3
460,2
460,5
460,2
461,4
461,4
461,4
461,3
461,3
461,4
461,3
461,2
461,2
461,7
461,4
461,3
461,2
461,2
461,3
461,3
461,3
461,2
461,5
461,4
461,2
462,4
462,3
462,2
462,3
462,3
462,4
462,2
462,3
462,3
462,2
462,1
462,5
462,4
462,3
463,1
463,4
463,2
463,1
463,1
463,3
463,2
463,3
463,3
463,4
463,1
463,2
463,2
463,3
464,1
464,1
464,4
464,5
464,3
464,3
464,2
464,2
464,3
464,3
464,4
464,2
464,3
464,2
465,3
465,4
465,3
465,2
465,3
465,3
465,3
465,1
465,3
465,3
465,4
465,3
465,4
465,3
465,2
465,3
466,3
466,2
466,5
466,4
466,3
466,4
466,4
466,2
466,3
466,3
466,2
466,3
466,5
466,3
466,3
466,3
466,2
466,1
466,5
467,2
467,2
467,2
467,3
467,3
467,2
467,4
467,3
467,1
467,4
467,1
467,3
467,4
467,4
467,3
467,3
467,5
468,4
468,4
468,2
468,3
468,3
468,4
468,5
468,5
468,3
468,4
468,4
468,4
468,3
468,3
468,5
468,1
468,3
468,3
468,2
468,3
468,4
468,4
468,2
468,2
468,5
468,4
468,2
468,2
469,3
469,4
469,4
469,4
469,4
469,3
469,2
469,4
469,3
469,3
469,3
469,3
469,3
469,3
470,3
470,4
470,4
470,3
470,2
470,2
470,3
470,4
470,1
470,2
470,2
470,4
470,3
470,2
470,2
470,4
470,3
471,2
471,3
471,2
471,5
471,3
471,3
471,3
471,3
471,3
471,4
471,3
471,3
471,3
471,4
472,3
472,4
472,2
472,1
472,3
472,5
472,2
472,4
472,4
472,3
472,5
472,2
472,4
472,3
472,3
472,6
473,2
473,4
473,2
473,2
473,4
473,4
473,4
473,3
473,4
473,3
473,4
473,4
473,2
473,3
473,3
473,4
473,3
474,4
474,4
474,2
474,4
474,2
474,3
474,3
474,3
474,1
474,3
474,4
474,3
474,3
474,3
474,5
474,1
474,4
474,4
474,3
474,3
474,2
474,3
475,1
475,2
475,1
475,3
475,4
475,3
475,3
475,3
475,4
475,3
475,3
475,4
475,3
475,1
475,4
475,2
475,3
476,3
476,2
476,3
476,3
476,3
476,3
476,2
476,5
476,2
476,4
476,3
476,2
476,3
476,5
476,4
476,3
477,3
477,1
477,4
477,3
477,3
477,3
477,3
477,5
477,3
477,3
477,3
477,2
477,5
477,4
478,5
478,3
478,4
478,4
478,1
478,2
478,3
478,4
478,1
478,2
478,3
478,3
478,3
478,3
478,3
479,3
479,3
479,4
479,4
479,2
479,4
479,4
479,4
479,3
479,5
479,1
479,2
479,4
479,2
479,3
479,4
479,4
480,4
480,2
480,4
480,3
480,3
480,2
480,3
480,3
480,2
480,3
480,4
480,2
480,3
480,2
480,3
481,4
481,3
481,2
481,3
481,5
481,1
481,1
481,2
481,2
481,3
481,2
481,3
481,3
481,3
481,3
482,4
482,3
482,3
482,4
482,2
482,2
482,2
482,3
482,3
482,3
482,4
482,2
482,3
483,2
483,3
483,2
483,3
483,3
483,4
483,3
483,4
483,1
483,4
483,2
483,1
483,6
483,4
483,2
483,3
483,3
483,4
483,4
483,2
484,3
484,2
484,2
484,3
484,1
484,3
484,5
484,4
484,5
484,4
484,3
484,2
484,3
484,4
484,3
484,4
485,3
485,3
485,3
485,4
485,4
485,2
485,3
485,3
485,2
485,2
485,4
485,2
486,4
486,3
486,3
486,5
486,2
486,3
486,3
486,2
486,4
486,2
486,2
486,4
486,3
486,1
486,2
486,2
486,2
486,1
487,3
487,3
487,3
487,2
487,1
487,3
487,4
487,3
487,3
487,2
487,3
487,3
487,3
487,2
487,3
487,2
487,4
488,3
488,5
488,1
488,2
488,4
488,3
488,4
488,1
488,4
488,3
488,1
488,2
488,4
488,2
488,4
488,4
488,1
489,4
489,2
489,3
489,4
489,2
489,3
489,4
489,4
489,3
489,3
489,2
489,3
489,4
489,2
489,4
489,3
489,4
489,4
489,4
489,2
489,3
489,4
490,2
490,4
490,2
490,2
490,1
490,5
490,3
490,4
490,2
490,3
490,5
490,3
490,3
490,3
490,4
490,2
490,3
490,2
490,2
491,4
491,3
491,3
491,2
491,4
491,3
491,3
491,2
491,3
491,2
491,4
491,1
491,3
491,2
492,3
492,3
492,4
492,4
492,4
492,3
492,2
492,4
492,3
492,3
492,2
492,3
492,2
492,2
492,3
492,1
492,2
492,4
492,3
493,5
493,2
493,3
493,2
493,1
493,4
493,2
493,3
493,4
493,5
493,2
493,2
493,5
493,2
493,3
494,5
494,4
494,3
494,4
494,2
494,3
494,5
494,4
494,5
494,2
494,2
494,3
494,2
494,2
495,3
495,1
495,3
495,2
495,5
495,3
495,2
495,2
495,3
495,1
495,5
495,3
495,3
495,4
495,4
495,4
495,3
495,2
495,2
495,3
495,4
495,5
496,4
496,3
496,4
496,2
496,4
496,4
496,3
496,3
496,2
496,3
496,3
497,4
497,3
497,3
497,3
497,3
497,3
497,4
497,1
497,2
497,3
497,4
497,3
497,1
497,4
497,3
497,4
497,2
497,2
497,2
498,2
498,4
498,4
498,5
498,2
498,3
498,3
498,4
498,3
498,3
498,3
498,4
498,3
498,3
498,3
498,2
498,2
498,2
499,3
499,3
499,2
499,3
499,4
499,2
499,3
499,4
499,3
499,1
499,2
499,3
499,4
500,4
500,4
500,1
500,2
500,3
500,2
500,3
500,4
500,2
500,2
500,2
500,2
500,3
500,3
500,4
500,1
501,3
501,5
501,3
501,3
501,3
501,1
501,4
501,3
501,2
501,4
501,5
501,2
501,3
501,4
501,3
501,4
501,4
501,3
501,2
502,4
502,4
502,2
502,2
502,5
502,2
502,3
502,4
502,2
502,4
502,2
502,2
502,4
502,4
502,1
503,2
503,3
503,3
503,4
503,2
503,4
503,4
503,4
503,3
503,5
503,2
503,2
503,3
503,2
503,2
503,4
503,2
504,3
504,2
504,3
504,4
504,2
504,2
504,3
504,5
504,1
504,2
504,3
504,1
504,4
504,4
504,3
504,2
504,3
504,3
504,4
504,3
504,3
505,1
505,5
505,3
505,3
505,4
505,5
505,3
505,2
505,4
505,2
505,3
505,3
505,4
505,3
505,2
505,3
505,1
505,4
505,1
506,5
506,4
506,3
506,3
506,2
506,3
506,2
506,3
506,1
506,1
506,4
506,3
506,4
506,5
506,4
506,5
506,3
506,3
506,2
506,3
507,2
507,3
507,3
507,2
507,3
507,3
507,4
507,4
507,2
507,3
507,1
507,3
507,4
507,3
507,3
507,3
507,1
507,3
507,3
507,3
507,5
507,4
508,5
508,2
508,1
508,4
508,4
508,1
508,2
508,3
508,2
508,3
508,3
508,3
508,2
508,2
508,2
508,3
508,3
509,2
509,1
509,1
509,3
509,3
509,4
509,3
509,3
509,4
509,2
509,4
509,4
510,1
510,2
510,5
510,3
510,4
510,3
510,3
510,3
510,4
510,2
510,2
510,2
510,2
510,3
511,4
511,2
511,4
511,4
511,4
511,4
511,4
511,3
512,3
512,2
512,3
512,3
512,3
512,3
512,3
512,2
512,3
512,4
512,2
512,4
512,4
512,3
512,2
512,1
512,2
512,4
512,3
512,3
513,3
513,4
513,2
513,2
513,2
513,5
513,3
513,4
513,3
513,3
513,2
513,3
513,5
513,1
513,4
513,2
513,2
514,4
514,3
514,3
514,2
514,4
514,4
514,4
514,2
514,5
514,1
514,3
514,2
515,3
515,4
515,2
515,4
515,3
515,4
515,2
515,3
515,2
515,3
515,4
515,3
515,3
516,4
516,2
516,4
516,4
516,3
516,3
516,2
516,1
516,3
516,2
516,2
516,4
516,5
516,5
517,3
517,5
517,4
517,3
517,2
517,4
517,2
517,3
517,3
517,4
517,1
517,2
517,2
517,2
517,3
517,4
517,4
517,2
517,3
517,1
517,3
517,4
517,3
517,3
517,3
517,3
517,2
517,4
518,4
518,2
518,4
518,4
518,5
518,2
518,4
518,4
518,4
518,4
518,3
518,5
518,4
518,1
518,2
518,3
518,3
518,2
518,3
518,2
519,3
519,3
519,4
519,4
519,3
519,5
519,2
519,5
519,2
519,2
519,4
519,3
519,4
519,3
519,2
519,3
519,3
520,3
520,2
520,3
520,2
520,2
520,5
520,1
520,3
520,2
520,3
520,3
520,4
520,3
521,3
521,2
521,3
521,4
521,4
521,3
521,3
521,3
521,3
521,3
521,2
521,4
521,3
521,2
521,3
521,4
521,3
522,3
522,3
522,3
522,3
522,2
522,4
522,2
522,2
522,3
522,3
522,4
522,2
522,2
522,3
522,4
522,4
523,2
523,3
523,5
523,4
523,3
523,3
523,4
523,1
523,4
523,3
523,1
523,3
523,3
523,4
523,3
523,4
524,3
524,3
524,3
524,4
524,3
524,3
524,4
524,4
524,2
524,3
525,3
525,3
525,3
525,4
525,2
525,3
525,3
525,4
525,4
525,3
525,5
525,2
525,1
525,3
525,2
525,3
525,2
525,3
526,3
526,3
526,1
526,4
526,4
526,3
526,2
526,4
526,4
526,3
526,3
526,4
526,1
527,3
527,2
527,4
527,3
527,3
527,1
527,3
527,4
527,3
527,3
527,3
527,2
527,3
527,4
527,4
527,3
528,3
528,3
528,4
528,4
528,2
528,4
528,3
528,3
528,3
528,4
528,3
528,4
528,3
528,4
528,6
528,3
529,4
529,3
529,2
529,3
529,2
529,3
529,3
529,4
529,4
529,4
529,2
529,4
529,3
530,4
530,4
530,3
530,3
530,4
530,1
530,1
530,3
530,3
530,5
530,4
530,3
530,4
530,2
530,2
530,3
530,3
530,4
531,4
531,4
531,4
531,5
531,3
531,2
531,3
531,3
531,4
532,3
532,1
532,3
532,4
532,2
532,6
532,3
532,3
532,4
532,2
532,2
532,1
532,3
532,4
532,3
532,3
532,2
532,3
532,2
532,2
532,3
533,4
533,3
533,5
533,4
533,3
533,4
533,2
533,5
533,3
533,3
533,2
533,2
533,4
533,3
533,3
533,2
533,3
533,3
534,4
534,3
534,1
534,3
534,3
534,3
534,4
534,4
534,3
534,3
534,4
534,3
535,5
535,3
535,3
535,2
535,4
535,4
535,3
535,2
535,3
535,3
535,4
535,3
535,5
535,4
535,5
535,2
535,4
535,4
535,2
535,2
535,3
536,3
536,5
536,2
536,4
536,3
536,4
536,4
536,2
536,2
536,2
536,3
536,2
536,2
536,4
536,4
536,3
536,2
536,2
536,1
536,4
537,2
537,5
537,3
537,2
537,4
537,4
537,2
537,2
537,3
537,3
537,2
538,2
538,3
538,4
538,3
538,1
538,3
538,2
539,2
539,2
539,3
539,3
539,2
539,2
539,4
539,3
539,2
539,1
539,4
539,4
539,4
539,6
539,4
539,4
539,4
540,2
540,3
540,1
540,3
540,4
540,3
540,2
540,3
540,3
540,2
540,2
540,3
540,2
540,2
540,3
540,2
540,1
541,3
541,4
541,4
541,4
541,3
541,4
541,2
542,2
542,4
542,3
542,2
542,3
542,3
542,3
542,3
542,4
542,2
542,3
542,1
542,2
542,4
542,2
542,2
542,3
542,3
543,3
543,3
543,2
543,3
543,2
543,3
543,3
543,3
543,3
543,3
543,4
543,2
543,1
543,3
543,4
543,4
544,3
544,4
544,4
544,2
544,1
544,3
544,3
544,3
544,2
544,1
544,3
544,3
544,4
544,2
545,6
545,4
545,4
545,2
545,1
545,2
545,2
545,2
545,2
545,3
545,3
545,2
545,2
545,2
545,3
545,2
545,5
546,5
546,3
546,3
546,2
546,4
546,3
546,2
546,3
546,3
546,2
546,5
546,3
546,1
546,2
546,3
546,3
546,3
546,2
546,3
547,3
547,2
547,2
547,2
547,3
547,3
547,3
547,4
547,4
547,3
547,3
547,4
547,3
547,3
547,3
548,2
548,3
548,4
548,2
548,3
548,3
548,4
548,3
548,3
548,2
548,3
548,3
548,2
548,4
548,2
548,3
548,3
548,2
548,2
548,2
548,5
549,5
549,2
549,3
549,5
549,5
549,2
549,2
549,3
549,2
549,2
549,3
549,2
549,2
549,2
549,2
549,3
549,3
550,3
550,4
550,3
550,2
550,2
550,3
550,3
550,5
550,4
550,3
550,3
550,1
550,4
550,3
551,2
551,3
551,2
551,3
551,4
551,1
551,3
551,3
551,5
551,4
551,2
551,3
551,3
551,2
551,2
551,2
551,4
551,2
552,5
552,2
552,4
552,3
552,3
552,3
552,5
552,2
552,3
552,4
552,5
552,3
552,4
552,5
552,4
552,2
552,4
552,3
552,3
552,2
553,3
553,3
553,5
553,3
553,3
553,2
553,4
553,2
553,1
553,4
553,3
553,4
553,4
553,3
553,3
553,2
554,3
554,5
554,4
554,2
554,3
554,4
554,3
554,3
554,2
554,3
554,3
554,3
554,3
554,2
554,3
554,2
554,5
555,4
555,4
555,2
555,4
555,4
555,2
555,5
555,3
555,2
555,3
555,4
555,2
555,2
556,4
556,3
556,1
556,2
556,2
556,4
556,3
556,2
556,1
556,2
556,1
556,3
556,3
556,3
556,2
557,1
557,2
557,3
557,2
557,4
557,3
557,3
557,1
557,4
557,4
557,3
557,2
557,1
557,4
558,3
558,1
558,2
558,4
558,3
558,4
558,4
558,2
558,4
558,5
558,4
558,4
558,4
558,3
559,1
559,5
559,3
559,3
559,4
559,4
559,3
559,5
559,3
560,1
560,3
560,1
560,3
560,4
560,4
560,3
560,3
560,4
560,3
560,6
561,2
561,3
561,3
561,5
561,3
561,1
561,2
561,3
561,2
561,4
562,2
562,4
562,4
562,4
562,4
562,1
562,3
562,1
562,2
562,2
562,4
562,4
562,1
562,1
562,5
562,3
562,3
562,4
562,1
562,4
562,2
562,2
562,2
563,4
563,3
563,2
563,1
563,2
563,3
563,1
563,4
563,4
563,3
563,3
563,3
563,1
564,3
564,2
564,3
564,4
564,3
564,3
564,3
564,3
564,3
564,3
564,4
564,3
564,2
564,2
564,3
564,1
564,2
564,4
565,3
565,3
565,5
565,3
565,4
565,1
565,3
565,4
565,4
565,5
565,4
565,2
565,4
565,4
566,3
566,4
566,4
566,3
566,1
566,2
566,3
566,3
566,3
566,2
566,3
566,3
566,4
566,4
567,4
567,2
567,5
567,3
567,3
567,2
567,4
567,2
567,4
567,2
568,5
568,4
568,2
568,3
568,4
568,5
568,3
568,3
568,4
568,1
568,5
568,4
568,4
568,2
568,3
569,2
569,1
569,3
569,3
569,4
569,2
569,2
569,3
569,1
569,3
569,2
569,1
569,3
569,3
569,2
569,3
569,3
570,2
570,2
570,2
570,3
570,4
570,2
570,3
570,3
570,4
570,2
570,4
570,2
570,2
570,3
570,3
570,4
570,5
571,2
571,2
571,3
571,4
571,5
571,2
571,4
571,3
571,3
571,3
571,4
571,3
571,4
571,2
572,4
572,2
572,4
572,3
572,3
572,2
572,1
572,3
572,3
572,5
572,2
572,2
572,2
572,3
572,2
572,3
572,3
572,2
573,3
573,4
573,4
573,3
573,2
573,4
573,4
573,2
573,4
573,3
573,2
573,3
573,3
573,3
573,3
573,3
574,3
574,1
574,4
574,3
574,2
574,3
574,4
574,4
574,3
574,2
574,5
574,2
574,3
574,2
574,4
574,3
574,3
574,4
574,4
574,3
575,4
575,4
575,3
575,1
575,4
575,3
575,3
575,2
575,3
575,3
575,4
575,3
575,2
575,1
575,2
575,3
575,3
575,5
576,4
576,2
576,2
576,2
576,2
576,1
576,5
576,1
576,2
576,2
576,1
576,2
576,4
576,4
576,4
576,3
576,3
576,2
576,4
576,4
576,4
577,2
577,4
577,3
577,5
577,1
577,3
577,1
577,3
577,1
577,2
577,4
577,3
577,3
577,4
577,4
577,5
578,2
578,2
578,2
578,2
578,2
578,4
578,2
578,3
578,3
578,2
578,4
578,4
578,2
578,4
578,4
578,2
578,4
578,2
579,2
579,2
579,4
579,3
579,4
579,2
579,4
579,4
579,4
579,2
579,4
579,2
580,3
580,3
580,3
580,2
580,4
580,4
580,2
580,1
580,3
580,2
580,3
580,4
580,3
580,3
580,4
580,2
580,4
580,4
580,3
581,5
581,4
581,3
581,2
581,3
581,3
581,3
581,4
581,3
581,2
581,4
581,2
581,4
581,3
581,2
581,4
582,4
582,2
582,4
582,3
582,3
582,4
582,4
582,3
582,4
582,3
582,3
582,1
582,3
582,3
582,3
582,2
582,4
582,2
583,2
583,2
583,2
583,2
583,3
583,4
583,3
583,3
583,3
583,4
583,2
583,3
583,3
583,5
583,4
583,4
583,4
583,5
583,2
583,2
583,2
583,4
584,3
584,3
584,5
584,5
584,4
584,2
584,3
584,2
585,3
585,3
585,4
585,3
585,4
585,2
585,2
585,2
585,3
585,3
585,3
585,2
585,2
585,3
585,3
586,4
586,3
586,3
586,3
586,4
586,3
586,4
586,2
586,4
586,2
586,4
586,3
586,2
586,4
586,3
586,3
587,3
587,2
587,3
587,2
587,1
587,3
587,2
587,2
587,1
587,3
587,2
588,3
588,3
588,3
588,3
588,3
588,4
588,3
588,4
588,4
588,3
588,2
588,3
588,3
588,3
588,2
588,4
588,2
588,5
589,4
589,2
589,3
589,3
589,5
589,4
589,4
589,5
589,3
589,2
589,3
589,5
589,4
590,3
590,3
590,5
590,3
590,4
590,3
590,3
590,3
590,3
590,1
590,3
591,4
591,4
591,4
591,2
591,2
591,2
591,4
591,3
591,3
591,4
591,3
591,3
591,4
591,4
591,1
591,4
591,2
591,3
591,2
591,3
591,3
591,5
591,4
592,3
592,3
592,2
592,3
592,4
592,3
592,3
592,2
592,1
592,3
592,1
592,4
592,4
592,1
592,3
592,2
592,4
592,4
592,2
592,2
593,4
593,3
593,5
593,3
593,4
593,2
593,3
593,4
593,2
593,4
594,4
594,4
594,3
594,2
594,2
594,3
594,3
594,2
594,2
594,4
594,2
594,2
594,3
594,3
594,1
594,3
594,2
595,3
595,3
595,3
595,2
595,3
595,3
595,4
595,6
595,3
595,5
595,3
595,2
595,2
595,3
595,3
595,2
595,4
595,4
595,3
596,3
596,2
596,3
596,3
596,3
596,2
596,4
596,3
596,3
596,3
596,2
596,3
596,2
596,4
596,4
597,1
597,5
597,4
597,3
597,2
597,2
597,3
597,4
597,2
597,5
597,3
597,2
597,5
597,3
597,2
597,2
597,4
598,5
598,4
598,2
598,5
598,1
598,3
598,3
598,4
598,2
598,3
598,4
598,4
598,5
598,4
599,4
599,3
599,3
599,2
599,2
599,5
599,4
599,3
599,3
599,3
599,2
599,2
599,3
599,3
599,1
599,2
599,4
599,4
599,3
599,3
599,2
599,5
599,2
599,2
599,1
600,3
600,4
600,5
600,3
600,5
600,2
600,2
600,4
600,4
600,2
